% Module: Plotter Math Tracking, ID: c0p1t5p1cfm0
% Devices: DEV5081
% Time: 2024/02/20 20:46:56
% Cursor Area Average,  /local/math/dev5081/c0p1t5p1cfm0p0/_dev5081_imps_0_sample:Bias/cursorarea.avg
% Time (s), Average (V)
% Cursor Area Average,  /local/math/dev5081/c0p1t5p1cfm0p0/_dev5081_imps_0_sample:Param1/cursorarea.avg
% Time (s), Average (F)
-299.892; -1
-299.805; -1
-299.7; -1
-299.583; -1
-299.127; -1
-299.099; -1
-299; -1
-298.904; -1
-298.788; -1
-298.702; -1
-298.587; -1
-298.503; -1
-298.402; -1
-298.292; -1
-298.19; -1
-298.102; -1
-297.99; -1
-297.896; -1
-297.786; -1
-297.699; -1
-297.603; -1
-297.507; -1
-297.386; -1
-297.294; -1
-297.209; -1
-297.096; -1
-297.003; -1
-296.901; -1
-296.399; -1
-296.369; -1
-296.29; -1
-296.18; -1
-296.102; -1
-295.981; -1
-295.899; -1
-295.79; -1
-295.699; -1
-295.587; -1
-295.507; -1
-295.385; -1
-295.297; -1
-295.186; -1
-295.098; -1
-294.986; -1
-294.894; -1
-294.784; -1
-294.704; -1
-294.582; -1
-294.504; -1
-294.385; -1
-294.304; -1
-294.164; -1
-294.094; -1
-293.609; -1
-293.58; -1
-293.489; -1
-293.405; -1
-293.302; -1
-293.188; -1
-293.104; -1
-292.996; -1
-292.9; -1
-292.804; -1
-292.703; -1
-292.6; -1
-292.499; -1
-292.397; -1
-292.3; -1
-292.208; -1
-292.073; -1
-291.989; -1
-291.897; -1
-291.804; -1
-291.322; -1
-291.294; -1
-291.201; -1
-291.098; -1
-291.005; -1
-290.895; -1
-290.803; -1
-290.692; -1
-290.605; -1
-290.504; -1
-290.403; -1
-290.302; -1
-290.201; -1
-290.102; -1
-289.985; -1
-289.901; -1
-289.791; -1
-289.698; -1
-289.592; -1
-289.496; -1
-289.389; -1
-289.298; -1
-289.189; -1
-289.099; -1
-288.986; -1
-288.901; -1
-288.403; -1
-288.372; -1
-288.293; -1
-288.191; -1
-288.092; -1
-288.008; -1
-287.87; -1
-287.803; -1
-287.691; -1
-287.607; -1
-287.504; -1
-287.406; -1
-287.302; -1
-287.206; -1
-287.105; -1
-287.004; -1
-286.906; -1
-286.803; -1
-286.704; -1
-286.603; -1
-286.131; -1
-286.099; -1
-285.991; -1
-285.898; -1
-285.777; -1
-285.696; -1
-285.606; -1
-285.505; -1
-285.387; -1
-285.304; -1
-285.185; -1
-285.104; -1
-285.004; -1
-284.902; -1
-284.803; -1
-284.707; -1
-284.6; -1
-284.503; -1
-284.406; -1
-284.299; -1
-284.19; -1
-284.1; -1
-283.991; -1
-283.902; -1
-283.374; -1
-283.342; -1
-283.302; -1
-283.207; -1
-283.097; -1
-283.007; -1
-282.897; -1
-282.786; -1
-282.707; -1
-282.586; -1
-282.503; -1
-282.386; -1
-282.306; -1
-282.208; -1
-282.091; -1
-282.005; -1
-281.892; -1
-281.767; -1
-281.704; -1
-281.581; -1
-281.13; -1
-281.099; -1
-280.983; -1
-280.903; -0.991153
-280.787; -0.981196
-280.703; -0.971196
-280.589; -0.961174
-280.508; -0.959242
-280.508; -0.959242
-280.508; -0.959242
-279.9; -0.939261
-279.804; -0.929804
-279.685; -0.919316
-279.587; -0.908655
-279.498; -0.905279
-279.498; -0.905279
-278.903; -0.881922
-278.803; -0.87059
-278.32; -0.859527
-278.279; -0.85792
-278.199; -0.803664
-278.098; -0.791001
-278.004; -0.781175
-277.902; -0.770156
-277.794; -0.759142
-277.703; -0.748145
-277.572; -0.73636
-277.498; -0.725341
-277.388; -0.714357
-277.299; -0.703384
-277.188; -0.691761
-277.097; -0.680786
-276.988; -0.669823
-276.906; -0.659576
-276.787; -0.646946
-276.707; -0.637455
-276.602; -0.625747
-276.493; -0.614122
-276.006; -0.602359
-275.968; -0.601499
-275.902; -0.548201
-275.792; -0.535757
-275.693; -0.524872
-275.585; -0.514565
-275.501; -0.503668
-275.382; -0.491047
-275.306; -0.48068
-275.189; -0.468186
-275.106; -0.45781
-275.004; -0.446969
-274.89; -0.435628
-274.803; -0.42527
-274.703; -0.414418
-274.593; -0.402351
-274.501; -0.391355
-274.391; -0.380585
-274.299; -0.368385
-274.2; -0.357599
-274.1; -0.346758
-273.996; -0.335974
-273.887; -0.323392
-273.799; -0.312836
-273.699; -0.302043
-273.609; -0.291722
-273.095; -0.278974
-273.057; -0.2594
-272.999; -0.225455
-272.899; -0.21473
-272.8; -0.202301
-272.7; -0.191575
-272.597; -0.180855
-272.493; -0.168109
-272.389; -0.157584
-272.291; -0.144833
-272.192; -0.138202
-272.091; -0.125479
-272.003; -0.11291
-271.893; -0.102223
-271.792; -0.0915471
-271.701; -0.0808713
-271.599; -0.0682083
-271.479; -0.0554466
-271.385; -0.0489752
-271.294; -0.0362366
-271.189; -0.0235255
-271.088; -0.014996
-270.966; -0.00224247
-270.869; 0
-270.769; 0
-270.301; 0
-270.244; 0
-270.19; 0
-270.109; 0
-269.994; 0
-269.905; 0
-269.789; 0
-269.705; 0
-269.594; 0
-269.493; 0
-269.387; 0
-269.298; 0
-269.191; 0
-269.076; 0
-268.989; 0
-268.888; 0
-268.791; 0
-268.701; 0
-268.589; 0
-268.111; 0
-268.077; 0
-267.998; 0
-267.897; 0
-267.798; 0
-267.696; 0
-267.597; 0
-267.498; 0
-267.372; 0
-267.293; 0
-267.186; 0
-267.087; 0
-266.983; 0
-266.904; 0
-266.783; 0
-266.689; 0
-266.605; 0
-266.491; 0
-266.383; 0
-266.3; 0
-266.192; 0
-266.102; 0
-265.992; 0
-265.886; 0
-265.793; 0
-265.703; 0
-265.213; 0
-265.143; 0
-265.097; 0
-264.988; 0
-264.896; 0
-264.808; 0
-264.695; 0
-264.584; 0
-264.496; 0
-264.387; 0
-264.295; 0
-264.182; 0
-264.107; 0
-263.983; 0
-263.891; 0
-263.784; 0
-263.694; 0
-263.581; 0
-263.493; 0
-263.016; 0
-262.953; 0
-262.899; 0
-262.793; 0
-262.689; 0
-262.582; 0
-262.498; 0
-262.386; 0
-262.296; 0
-262.188; 0
-262.097; 0
-261.988; 0
-261.884; 0
-261.783; 0
-261.704; 0
-261.605; 0
-261.497; 0
-261.402; 0
-261.293; 0
-261.186; 0
-261.105; 0
-260.981; 0
-260.89; 0
-260.784; 0
-260.316; 0
-260.284; 0
-260.19; 0
-260.1; 0
-260; 0
-259.893; 0
-259.803; 0
-259.689; 0
-259.599; 0
-259.497; 0
-259.394; 0
-259.3; 0
-259.2; 0
-259.097; 0
-258.998; 0
-258.897; 0
-258.776; 0
-258.7; 0
-258.583; 0
-258.494; 0
-258.403; 0
-258.295; 0
-258.184; 0
-258.104; 0
-257.595; 0
-257.562; 0
-257.504; 0
-257.391; 0
-257.301; 0
-257.202; 0
-257.09; 0
-257.003; 0
-256.89; 0
-256.794; 0
-256.688; 0
-256.587; 0
-256.494; 0
-256.387; 0
-256.295; 0
-256.187; 0
-256.104; 0
-255.988; 0
-255.899; 0
-255.803; 0
-255.303; 0
-255.271; 0
-255.194; 0
-255.095; 0
-255.005; 0
-254.892; 0
-254.806; 0
-254.684; 0
-254.582; 0
-254.504; 0
-254.393; 0
-254.301; 0
-254.191; 0
-254.1; 0
-254.005; 0
-253.886; 0
-253.792; 0
-253.708; 0
-253.59; 0
-253.499; 0
-253.392; 0
-253.298; 0
-253.185; 0
-253.097; 0
-252.6; 0
-252.6; 0
-252.404; 0
-252.296; 0
-252.184; 0
-252.102; 0
-251.982; 0
-251.9; 0
-251.807; 0
-251.702; 0
-251.602; 0
-251.493; 0
-251.4; 0
-251.298; 0
-251.181; 0
-251.1; 0
-250.977; 0
-250.901; 0
-250.796; 0
-250.697; 0
-250.589; 0
-250.495; 0
-250.386; 0
-250.297; 0
-250.188; 0
-249.725; 0
-249.692; 0
-249.594; 0
-249.495; 0
-249.399; 0
-249.296; 0
-249.197; 0
-249.095; 0
-248.997; 0
-248.905; 0
-248.795; 0
-248.706; 0
-248.595; 0
-248.485; 0
-248.4; 0
-248.292; 0
-248.186; 0
-248.102; 0
-247.613; 0
-247.58; 0
-247.497; 0
-247.399; 0
-247.297; 0
-247.197; 0
-247.099; 0
-246.997; 0
-246.898; 0
-246.795; 0
-246.707; 0
-246.596; 0
-246.496; 0
-246.385; 0
-246.292; 0
-246.186; 0
-246.1; 0
-245.981; 0
-245.9; 0
-245.802; 0
-245.702; 0
-245.601; 0
-245.505; 0
-245.403; 0
-245.296; 0
-244.815; 0
-244.783; 0
-244.697; 0
-244.597; 0
-244.502; 0
-244.378; 0
-244.305; 0
-244.188; 0
-244.097; 0
-243.985; 0
-243.892; 0
-243.807; 0
-243.694; 0
-243.583; 0
-243.49; 0
-243.382; 0
-243.303; 0
-243.186; 0
-243.101; 0
-243.003; 0
-242.902; 0
-242.419; 0
-242.35; 0
-242.282; 0
-242.19; 0
-242.1; 0
-241.987; 0
-241.901; 0
-241.788; 0
-241.7; 0
-241.591; 0
-241.498; 0
-241.387; 0
-241.296; 0
-241.186; 0
-241.098; 0
-241.007; 0
-240.896; 0
-240.786; 0
-240.706; 0
-240.585; 0
-240.493; 0
-240.405; 0
-240.287; 0
-240.198; 0
-240.105; 0
-239.609; 0
-239.577; 0
-239.505; 0
-239.391; 0
-239.304; 0
-239.205; 0
-239.104; 0
-238.997; 0
-238.903; 0
-238.802; 0
-238.702; 0
-238.601; 0
-238.501; 0
-238.401; 0
-238.3; 0
-238.179; 0
-238.086; 0
-237.99; 0
-237.896; 0
-237.802; 0
-237.698; 0
-237.219; 0
-237.187; 0
-237.102; 0
-236.995; 0
-236.905; 0
-236.805; 0
-236.705; 0
-236.606; 0
-236.505; 0
-236.4; 0
-236.3; 0
-236.202; 0
-236.083; 0
-235.991; 0
-235.905; 0
-235.79; 0
-235.698; 0
-235.608; 0
-235.496; 0
-235.387; 0
-235.309; 0
-234.818; 0
-234.786; 0
-234.704; 0
-234.597; 0
-234.508; 0
-234.403; 0
-234.295; 0
-234.205; 0
-234.085; 0
-234.005; 0
-233.891; 0
-233.798; 0
-233.703; 0
-233.582; 0
-233.498; 0
-233.391; 0
-233.302; 0
-233.191; 0
-233.1; 0
-232.992; 0
-232.9; 0
-232.791; 0
-232.7; 0
-232.587; 0
-232.496; 0
-232.014; 0
-231.938; 0
-231.901; 0
-231.803; 0
-231.707; 0
-231.606; 0
-231.504; 0
-231.403; 0
-231.304; 0
-231.207; 0
-231.101; 0
-231.003; 0
-230.895; 0
-230.802; 0
-230.701; 0
-230.603; 0
-230.503; 0
-230.393; 0
-230.301; 0
-230.19; 0
-230.101; 0
-229.992; 0
-229.875; 0
-229.787; 0
-229.702; 0
-229.22; 0
-229.22; 0
-228.996; 0
-228.896; 0
-228.797; 0
-228.693; 0
-228.608; 0
-228.495; 0
-228.407; 0
-228.296; 0
-228.207; 0
-228.106; 0
-228.007; 0
-227.907; 0
-227.786; 0
-227.703; 0
-227.601; 0
-227.503; 0
-227.016; 0
-226.986; 0
-226.9; 0
-226.802; 0
-226.703; 0
-226.601; 0
-226.499; 0
-226.401; 0
-226.3; 0
-226.206; 0
-226.1; 0
-226; 0
-225.909; 0
-225.806; 0
-225.689; 0
-225.602; 0
-225.508; 0
-225.401; 0
-225.306; 0
-225.208; 0
-225.104; 0
-225.003; 0
-224.905; 0
-224.801; 0
-224.703; 0
-224.223; 0
-224.189; 0
-224.096; 0
-224.001; 0
-223.903; 0
-223.802; 0
-223.71; 0
-223.57; 0
-223.504; 0
-223.409; 0
-223.31; 0
-223.204; 0
-223.11; 0
-223.009; 0
-222.904; 0
-222.804; 0
-222.704; 0
-222.604; 0
-222.501; 0
-222.407; 0
-221.914; 0
-221.878; 0
-221.792; 0
-221.705; 0
-221.573; 0
-221.504; 0
-221.391; 0
-221.298; 0
-221.19; 0
-221.087; 0
-220.991; 0
-220.902; 0
-220.79; 0
-220.709; 0
-220.609; 0
-220.494; 0
-220.389; 0
-220.298; 0
-220.187; 0
-220.096; 0
-219.996; 0
-219.891; 0
-219.807; 0
-219.708; 0
-219.209; 0
-219.132; 0
-219.102; 0
-218.999; 0
-218.904; 0
-218.8; 0
-218.703; 0
-218.604; 0
-218.502; 0
-218.393; 0
-218.3; 0
-218.19; 0
-218.086; 0
-217.99; 0
-217.9; 0
-217.791; 0
-217.7; 0
-217.588; 0
-217.496; 0
-217.387; 0
-217.295; 0
-217.187; 0
-217.087; 0
-216.983; 0
-216.514; 0
-216.471; 0
-216.394; 0
-216.306; 0
-216.194; 0
-216.09; 0
-215.993; 0
-215.907; 0
-215.804; 0
-215.693; 0
-215.592; 0
-215.505; 0
-215.387; 0
-215.289; 0
-215.205; 0
-215.102; 0
-214.977; 0
-214.907; 0
-214.785; 0
-214.698; 0
-214.588; 0
-214.496; 0
-214.39; 0
-214.31; 0
-213.812; 0
-213.779; 0
-213.69; 0
-213.608; 0
-213.506; 0
-213.398; 0
-213.306; 0
-213.202; 0
-213.095; 0
-212.973; 0
-212.905; 0
-212.796; 0
-212.703; 0
-212.604; 0
-212.502; 0
-212.39; 0
-212.301; 0
-212.191; 0
-212.099; 0
-212.011; 0
-211.524; 0
-211.493; 0
-211.397; 0
-211.297; 0
-211.2; 0
-211.107; 0
-211.01; 0
-210.89; 0
-210.805; 0
-210.69; 0
-210.608; 0
-210.502; 0
-210.385; 0
-210.306; 0
-210.183; 0
-210.104; 0
-210.002; 0
-209.9; 0
-209.804; 0
-209.705; 0
-209.59; 0
-209.504; 0
-209.394; 0
-209.303; 0
-208.816; 0
-208.816; 0
-208.587; 0
-208.494; 0
-208.409; 0
-208.294; 0
-208.187; 0
-208.11; 0
-208.009; 0
-207.906; 0
-207.803; 0
-207.707; 0
-207.584; 0
-207.505; 0
-207.383; 0
-207.294; 0
-207.205; 0
-207.103; 0
-206.982; 0
-206.9; 0
-206.781; 0
-206.686; 0
-206.604; 0
-206.501; 0
-206.029; 0
-205.993; 0
-205.897; 0
-205.794; 0
-205.696; 0
-205.6; 0
-205.498; 0
-205.399; 0
-205.297; 0
-205.199; 0
-205.106; 0
-204.998; 0
-204.894; 0
-204.794; 0
-204.682; 0
-204.604; 0
-204.494; 0
-204.403; 0
-204.307; 0
-204.181; 0
-203.719; 0
-203.688; 0
-203.589; 0
-203.506; 0
-203.388; 0
-203.305; 0
-203.204; 0
-203.105; 0
-203.003; 0
-202.888; 0
-202.796; 0
-202.702; 0
-202.575; 0
-202.5; 0
-202.387; 0
-202.298; 0
-202.183; 0
-202.107; 0
-201.986; 0
-201.903; 0
-201.807; 0
-201.705; 0
-201.604; 0
-201.506; 0
-201.004; 0
-200.972; 0
-200.901; 0
-200.794; 0
-200.699; 0
-200.594; 0
-200.485; 0
-200.392; 0
-200.296; 0
-200.188; 0
-200.099; 0
-199.988; 0
-199.901; 0
-199.789; 0
-199.7; 0
-199.586; 0
-199.498; 0
-199.388; 0
-199.292; 0
-199.204; 0
-199.108; 0
-198.987; 0
-198.905; 0
-198.781; 0
-198.322; 0
-198.322; 0
-198.099; 0
-197.979; 0
-197.898; 0
-197.804; 0
-197.691; 0
-197.603; 0
-197.501; 0
-197.39; 0
-197.296; 0
-197.19; 0
-197.098; 0
-196.986; 0
-196.9; 0
-196.786; 0
-196.708; 0
-196.584; 0
-196.506; 0
-196.385; 0
-196.295; 0
-196.174; 0
-196.109; 0
-195.631; 0
-195.599; 0
-195.493; 0
-195.396; 0
-195.295; 0
-195.203; 0
-195.089; 0
-195.003; 0
-194.89; 0
-194.803; 0
-194.688; 0
-194.593; 0
-194.505; 0
-194.39; 0
-194.301; 0
-194.2; 0
-194.092; 0
-193.991; 0
-193.898; 0
-193.79; 0
-193.701; 0
-193.59; 0
-193.498; 0
-193.409; 0
-192.921; 0
-192.889; 0
-192.792; 0
-192.703; 0
-192.608; 0
-192.494; 0
-192.406; 0
-192.296; 0
-192.204; 0
-192.092; 0
-191.971; 0
-191.9; 0
-191.8; 0
-191.693; 0
-191.582; 0
-191.501; 0
-191.402; 0
-191.302; 0
-191.186; 0
-191.102; 0
-190.604; 0
-190.572; 0
-190.495; 0
-190.405; 0
-190.285; 0
-190.201; 0
-190.098; 0
-189.98; 0
-189.895; 0
-189.804; 0
-189.697; 0
-189.586; 0
-189.506; 0
-189.384; 0
-189.293; 0
-189.204; 0
-189.092; 0
-189.002; 0
-188.892; 0
-188.803; 0
-188.703; 0
-188.603; 0
-188.503; 0
-188.389; 0
-187.927; 0
-187.848; 0
-187.774; 0
-187.698; 0
-187.588; 0
-187.506; 0
-187.389; 0
-187.296; 0
-187.205; 0
-187.098; 0
-186.989; 0
-186.893; 0
-186.784; 0
-186.706; 0
-186.585; 0
-186.504; 0
-186.401; 0
-186.294; 0
-186.2; 0
-186.102; 0
-186.001; 0
-185.904; 0
-185.774; 0
-185.315; 0
-185.277; 0
-185.192; 0
-185.102; 0
-184.999; 0
-184.903; 0
-184.802; 0
-184.7; 0
-184.599; 0
-184.498; 0
-184.393; 0
-184.308; 0
-184.199; 0
-184.097; 0
-184.011; 0
-183.895; 0
-183.807; 0
-183.674; 0
-183.586; 0
-183.508; 0
-183.383; 0
-183.306; 0
-183.18; 0
-183.104; 0
-182.603; 0
-182.571; 0
-182.503; 0
-182.397; 0
-182.3; 0
-182.199; 0
-182.101; 0
-182; 0
-181.9; 0
-181.801; 0
-181.694; 0
-181.576; 0
-181.497; 0
-181.388; 0
-181.304; 0
-181.204; 0
-181.097; 0
-181.004; 0
-180.893; 0
-180.809; 0
-180.703; 0
-180.201; 0
-180.167; 0
-180.104; 0
-179.991; 0
-179.905; 0
-179.806; 0
-179.705; 0
-179.564; 0
-179.496; 0
-179.354; 0
-179.307; 0
-179.189; 0
-179.089; 0
-179.004; 0
-178.894; 0
-178.773; 0
-178.691; 0
-178.575; 0
-178.5; 0
-178.398; 0
-178.299; 0
-177.818; 0
-177.818; 0
-177.601; 0
-177.487; 0
-177.404; 0
-177.291; 0
-177.202; 0
-177.102; 0
-177.003; 0
-176.9; 0
-176.8; 0
-176.7; 0
-176.594; 0
-176.504; 0
-176.388; 0
-176.298; 0
-176.187; 0
-176.101; 0
-175.988; 0
-175.901; 0
-175.807; 0
-175.705; 0
-175.587; 0
-175.507; 0
-174.979; 0
-174.943; 0
-174.903; 0
-174.803; 0
-174.704; 0
-174.605; 0
-174.507; 0
-174.407; 0
-174.307; 0
-174.201; 0
-174.104; 0
-174.004; 0
-173.903; 0
-173.806; 0
-173.704; 0
-173.605; 0
-173.504; 0
-173.401; 0
-173.281; 0
-173.19; 0
-173.095; 0
-172.614; 0
-172.584; 0
-172.496; 0
-172.394; 0
-172.307; 0
-172.198; 0
-172.097; 0
-172.008; 0
-171.903; 0
-171.807; 0
-171.707; 0
-171.596; 0
-171.492; 0
-171.406; 0
-171.304; 0
-171.171; 0
-171.103; 0
-171.001; 0
-170.901; 0
-170.794; 0
-170.701; 0
-170.603; 0
-170.5; 0
-170.389; 0
-169.921; 0
-169.883; 0
-169.798; 0
-169.698; 0
-169.599; 0
-169.498; 0
-169.397; 0
-169.296; 0
-169.198; 0
-169.073; 0
-169.006; 0
-168.892; 0
-168.789; 0
-168.709; 0
-168.607; 0
-168.506; 0
-168.403; 0
-168.288; 0
-168.206; 0
-168.103; 0
-167.621; 0
-167.621; 0
-167.404; 0
-167.305; 0
-167.202; 0
-167.103; 0
-166.982; 0
-166.9; 0
-166.79; 0
-166.707; 0
-166.605; 0
-166.507; 0
-166.404; 0
-166.308; 0
-166.204; 0
-166.105; 0
-166.006; 0
-165.906; 0
-165.802; 0
-165.705; 0
-165.604; 0
-165.49; 0
-165.403; 0
-164.896; 0
-164.806; 0
-164.748; 0
-164.62; 0
-164.585; 0
-164.486; 0
-164.384; 0
-164.308; 0
-164.188; 0
-164.108; 0
-163.988; 0
-163.9; 0
-163.808; 0
-163.697; 0
-163.586; 0
-163.494; 0
-163.387; 0
-163.294; 0
-163.186; 0
-163.104; 0
-162.983; 0
-162.902; 0
-162.786; 0
-162.692; 0
-162.223; 0
-162.188; 0
-162.1; 0
-162.005; 0
-161.89; 0
-161.802; 0
-161.704; 0
-161.591; 0
-161.5; 0
-161.401; 0
-161.3; 0
-161.202; 0
-161.087; 0
-161.002; 0
-160.902; 0
-160.775; 0
-160.692; 0
-160.609; 0
-160.5; 0
-160.384; 0
-160.307; 0
-160.185; 0
-160.093; 0
-159.602; 0
-159.572; 0
-159.501; 0
-159.403; 0
-159.304; 0
-159.204; 0
-159.104; 0
-158.996; 0
-158.903; 0
-158.804; 0
-158.684; 0
-158.593; 0
-158.49; 0
-158.392; 0
-158.297; 0
-158.191; 0
-158.102; 0
-157.991; 0
-157.884; 0
-157.786; 0
-157.705; 0
-157.587; 0
-157.496; 0
-157.41; 0
-156.904; 0
-156.868; 0
-156.79; 0
-156.692; 0
-156.587; 0
-156.48; 0
-156.403; 0
-156.291; 0
-156.202; 0
-156.102; 0
-155.978; 0
-155.89; 0
-155.779; 0
-155.699; 0
-155.592; 0
-155.479; 0
-155.389; 0
-155.299; 0
-155.191; 0
-155.099; 0
-154.99; 0
-154.9; 0
-154.808; 0
-154.321; 0
-154.244; 0
-154.182; 0
-154.092; 0
-154.004; 0
-153.893; 0
-153.782; 0
-153.705; 0
-153.578; 0
-153.491; 0
-153.404; 0
-153.303; 0
-153.191; 0
-153.101; 0
-152.991; 0
-152.899; 0
-152.791; 0
-152.703; 0
-152.59; 0
-152.497; 0
-152.033; 0
-151.965; 0
-151.897; 0
-151.788; 0
-151.703; 0
-151.586; 0
-151.506; 0
-151.386; 0
-151.295; 0
-151.185; 0
-151.096; 0
-151.003; 0
-150.901; 0
-150.806; 0
-150.69; 0
-150.581; 0
-150.503; 0
-150.382; 0
-150.302; 0
-150.192; 0
-150.103; 0
-149.972; 0
-149.898; 0
-149.793; 0
-149.318; 0
-149.285; 0
-149.2; 0
-149.098; 0
-149.001; 0
-148.911; 0
-148.798; 0
-148.697; 0
-148.596; 0
-148.493; 0
-148.399; 0
-148.297; 0
-148.198; 0
-148.095; 0
-147.974; 0
-147.907; 0
-147.781; 0
-147.693; 0
-147.608; 0
-147.491; 0
-147.406; 0
-147.286; 0
-147.193; 0
-147.1; 0
-146.995; 0
-146.515; 0
-146.482; 0
-146.393; 0
-146.296; 0
-146.2; 0
-146.1; 0
-146.001; 0
-145.881; 0
-145.786; 0
-145.697; 0
-145.573; 0
-145.507; 0
-145.386; 0
-145.297; 0
-145.185; 0
-145.098; 0
-145.006; 0
-144.892; 0
-144.803; 0
-144.703; 0
-144.587; 0
-144.495; 0
-144.4; 0
-143.903; 0
-143.832; 0
-143.805; 0
-143.687; 0
-143.592; 0
-143.499; 0
-143.39; 0
-143.298; 0
-143.188; 0
-143.101; 0
-142.989; 0
-142.897; 0
-142.787; 0
-142.706; 0
-142.586; 0
-142.496; 0
-142.397; 0
-142.304; 0
-142.207; 0
-142.099; 0
-141.625; 0
-141.625; 0
-141.397; 0
-141.294; 0
-141.203; 0
-141.091; 0
-141.005; 0
-140.888; 0
-140.797; 0
-140.704; 0
-140.596; 0
-140.501; 0
-140.373; 0
-140.292; -0.00884085
-140.184; -0.0188059
-140.105; -0.0275253
-139.989; -0.0387719
-139.886; -0.0409175
-139.886; -0.0409175
-139.294; -0.0613891
-139.198; -0.0718456
-138.713; -0.0823725
-138.682; -0.0823797
-138.591; -0.135444
-138.493; -0.145941
-138.407; -0.154834
-138.287; -0.167119
-138.201; -0.17638
-138.104; -0.186848
-138; -0.197198
-137.904; -0.208115
-137.803; -0.218462
-137.689; -0.230487
-137.6; -0.239559
-137.499; -0.250482
-137.382; -0.260917
-137.287; -0.272884
-137.19; -0.280689
-137.1; -0.292693
-136.989; -0.301464
-136.9; -0.313459
-136.808; -0.323073
-136.695; -0.335037
-136.587; -0.34545
-136.507; -0.354879
-136.385; -0.365247
-135.915; -0.377249
-135.881; -0.378109
-135.793; -0.429954
-135.707; -0.43947
-135.592; -0.450583
-135.502; -0.460106
-135.373; -0.472117
-135.301; -0.481847
-135.195; -0.490644
-135.103; -0.502439
-134.992; -0.512721
-134.904; -0.524051
-134.792; -0.534334
-134.703; -0.544611
-134.594; -0.554553
-134.5; -0.566411
-134.39; -0.576672
-134.298; -0.586927
-133.82; -0.59717
-133.788; -0.598947
-133.696; -0.650972
-133.596; -0.661194
-133.497; -0.671406
-133.397; -0.681612
-133.277; -0.693198
-133.208; -0.701652
-133.097; -0.713597
-132.988; -0.723584
-132.908; -0.733777
-132.785; -0.743944
-132.703; -0.755636
-132.585; -0.765801
-132.494; -0.777762
-132.403; -0.786123
-132.3; -0.79788
-132.198; -0.80809
-132.102; -0.818242
-131.982; -0.830216
-131.9; -0.840189
-131.794; -0.850317
-131.699; -0.860449
-131.592; -0.870558
-131.501; -0.882476
-131.002; -0.892592
-130.938; -0.892703
-130.904; -0.932838
-130.789; -0.954931
-130.696; -0.967011
-130.603; -0.975088
-130.509; -0.987132
-130.405; -0.997201
-130.293; -1
-130.208; -1
-130.097; -1
-129.991; -1
-129.904; -1
-129.804; -1
-129.706; -1
-129.584; -1
-129.504; -1
-129.404; -1
-129.302; -1
-129.191; -1
-129.102; -1
-128.988; -1
-128.883; -1
-128.793; -1
-128.325; -1
-128.295; -1
-128.192; -1
-128.099; -1
-128.003; -1
-127.901; -1
-127.807; -1
-127.698; -1
-127.596; -1
-127.507; -1
-127.395; -1
-127.296; -1
-127.209; -1
-127.092; -1
-127.005; -1
-126.874; -1
-126.805; -1
-126.705; -1
-126.606; -1
-126.503; -1
-126.405; -1
-126.305; -1
-126.194; -1
-126.101; -1
-125.612; -1
-125.581; -1
-125.5; -1
-125.398; -1
-125.302; -1
-125.199; -1
-125.1; -1
-125; -1
-124.902; -1
-124.79; -1
-124.703; -1
-124.606; -1
-124.507; -1
-124.385; -1
-124.298; -1
-124.207; -1
-124.107; -1
-124.006; -1
-123.893; -1
-123.807; -1
-123.335; -1
-123.306; -1
-123.28; -1
-123.202; -1
-123.1; -1
-123.003; -1
-122.9; -1
-122.805; -1
-122.684; -1
-122.593; -1
-122.497; -1
-122.39; -1
-122.291; -1
-122.191; -1
-122.098; -1
-121.99; -1
-121.897; -1
-121.79; -1
-121.71; -1
-121.588; -1
-121.505; -1
-121.385; -1
-121.287; -1
-121.205; -1
-121.106; -1
-120.63; -1
-120.565; -1
-120.501; -1
-120.401; -1
-120.306; -1
-120.203; -1
-120.102; -1
-120.005; -1
-119.9; -1
-119.792; -1
-119.703; -1
-119.593; -1
-119.497; -1
-119.39; -1
-119.301; -1
-119.19; -1
-119.1; -1
-118.99; -1
-118.907; -1
-118.808; -1
-118.682; -1
-118.606; -1
-118.493; -1
-118.405; -1
-118.307; -1
-118.205; -1
-117.72; -1
-117.692; -1
-117.593; -1
-117.506; -1
-117.405; -1
-117.304; -1
-117.204; -1
-117.102; -1
-117.004; -1
-116.904; -1
-116.803; -1
-116.705; -1
-116.61; -1
-116.479; -1
-116.39; -1
-116.297; -1
-116.188; -1
-116.101; -1
-116.009; -1
-115.537; -1
-115.507; -1
-115.479; -1
-115.406; -1
-115.307; -1
-115.197; -1
-115.111; -1
-115.008; -1
-114.906; -1
-114.807; -1
-114.706; -1
-114.607; -1
-114.506; -1
-114.387; -1
-114.3; -1
-114.189; -1
-114.099; -1
-113.992; -1
-113.901; -1
-113.791; -1
-113.701; -1
-113.593; -1
-113.499; -1
-113.41; -1
-113.301; -1
-113.19; -1
-113.1; -1
-112.607; -1
-112.578; -1
-112.505; -1
-112.377; -1
-112.306; -1
-112.209; -1
-112.089; -1
-112.006; -1
-111.89; -1
-111.803; -1
-111.706; -1
-111.606; -1
-111.506; -1
-111.404; -1
-111.301; -1
-111.193; -1
-111.1; -1
-110.993; -1
-110.903; -1
-110.794; -1
-110.327; -1
-110.268; -1
-110.186; -1
-110.112; -1
-110.008; -1
-109.908; -1
-109.79; -1
-109.71; -1
-109.587; -1
-109.509; -1
-109.385; -1
-109.305; -1
-109.209; -1
-109.107; -1
-109.003; -1
-108.892; -1
-108.783; -1
-108.705; -1
-108.581; -1
-108.501; -1
-108.402; -1
-108.283; -1
-108.183; -1
-108.102; -1
-107.624; -1
-107.591; -1
-107.485; -1
-107.403; -1
-107.301; -1
-107.201; -1
-107.101; -1
-106.999; -1
-106.898; -1
-106.8; -1
-106.683; -1
-106.6; -1
-106.509; -1
-106.399; -1
-106.294; -1
-106.177; -1
-106.106; -1
-106; -1
-105.892; -1
-105.805; -1
-105.695; -1
-105.584; -1
-105.488; -1
-105.401; -1
-105.303; -1
-104.804; -1
-104.776; -1
-104.685; -1
-104.603; -1
-104.51; -1
-104.399; -1
-104.3; -1
-104.173; -1
-104.11; -1
-104.01; -1
-103.895; -1
-103.786; -1
-103.705; -1
-103.583; -1
-103.494; -1
-103.406; -1
-103.293; -1
-103.205; -1
-103.103; -1
-102.616; -1
-102.587; -1
-102.488; -1
-102.407; -1
-102.286; -1
-102.158; -1
-102.103; -1
-101.991; -1
-101.896; -1
-101.793; -1
-101.696; -1
-101.586; -1
-101.493; -1
-101.387; -1
-101.299; -1
-101.186; -1
-101.095; -1
-101.011; -1
-100.9; -1
-100.808; -1
-100.69; -1
-100.583; -1
-100.507; -1
-100.007; -1
-99.931; -1
-99.905; -1
-99.781; -1
-99.705; -1
-99.606; -1
-99.49; -1
-99.39; -1
-99.299; -1
-99.188; -1
-99.101; -1
-98.992; -1
-98.901; -1
-98.791; -1
-98.685; -1
-98.59; -1
-98.496; -1
-98.392; -1
-98.309; -1
-98.183; -1
-98.099; -1
-97.988; -1
-97.88; -1
-97.808; -1
-97.694; -1
-97.203; -1
-97.168; -1
-97.087; -1
-97.008; -1
-96.894; -1
-96.791; -1
-96.692; -1
-96.592; -1
-96.507; -1
-96.392; -1
-96.307; -1
-96.184; -1
-96.106; -1
-95.994; -1
-95.903; -1
-95.776; -1
-95.697; -1
-95.591; -1
-95.499; -1
-95.388; -1
-95.299; -1
-95.21; -1
-95.099; -1
-95.007; -1
-94.513; -1
-94.48; -1
-94.408; -1
-94.294; -1
-94.197; -1
-94.104; -1
-93.998; -1
-93.907; -1
-93.774; -1
-93.694; -1
-93.602; -1
-93.494; -1
-93.401; -1
-93.292; -1
-93.187; -1
-93.102; -1
-92.987; -1
-92.907; -1
-92.793; -1
-92.702; -1
-92.589; -1
-92.498; -1
-92.389; -1
-92.296; -1
-92.189; -1
-91.722; -1
-91.667; -1
-91.603; -1
-91.495; -1
-91.407; -1
-91.293; -1
-91.185; -1
-91.101; -1
-90.982; -1
-90.902; -1
-90.78; -1
-90.692; -1
-90.602; -1
-90.493; -1
-90.394; -1
-90.304; -1
-90.194; -1
-90.1; -1
-90.003; -1
-89.502; -1
-89.426; -1
-89.398; -1
-89.291; -1
-89.188; -1
-89.095; -1
-88.986; -1
-88.889; -1
-88.785; -1
-88.708; -1
-88.583; -1
-88.496; -1
-88.406; -1
-88.296; -1
-88.185; -1
-88.108; -1
-87.982; -1
-87.903; -1
-87.803; -1
-87.687; -1
-87.603; -1
-87.488; -1
-87.381; -1
-87.298; -1
-87.193; -1
-86.708; -1
-86.676; -1
-86.598; -1
-86.496; -1
-86.4; -1
-86.296; -1
-86.2; -1
-86.104; -1
-86; -1
-85.897; -1
-85.796; -1
-85.694; -1
-85.598; -1
-85.496; -1
-85.377; -1
-85.306; -1
-85.187; -1
-85.101; -1
-85.008; -1
-84.893; -1
-84.807; -1
-84.692; -1
-84.584; -1
-84.505; -1
-84.006; -1
-83.978; -1
-83.902; -1
-83.794; -1
-83.703; -1
-83.603; -1
-83.503; -1
-83.403; -1
-83.282; -1
-83.189; -1
-83.099; -1
-83.003; -1
-82.893; -1
-82.786; -1
-82.704; -1
-82.584; -1
-82.506; -1
-82.384; -1
-82.304; -1
-82.204; -1
-82.082; -1
-81.632; -1
-81.601; -1
-81.5; -1
-81.404; -1
-81.302; -1
-81.182; -1
-81.102; -1
-80.991; -1
-80.898; -1
-80.792; -1
-80.697; -1
-80.589; -1
-80.498; -1
-80.411; -1
-80.297; -1
-80.209; -1
-80.095; -1
-79.988; -1
-79.906; -1
-79.784; -1
-79.692; -1
-79.608; -1
-79.496; -1
-79.409; -1
-79.294; -1
-79.16; -1
-78.709; -1
-78.679; -1
-78.6; -1
-78.504; -1
-78.402; -1
-78.303; -1
-78.201; -1
-78.103; -1
-78; -1
-77.904; -1
-77.803; -1
-77.702; -1
-77.6; -1
-77.508; -1
-77.4; -1
-77.296; -1
-77.201; -1
-77.076; -1
-77.01; -1
-76.909; -1
-76.431; -1
-76.402; -1
-76.302; -1
-76.186; -1
-76.103; -1
-76.006; -1
-75.905; -1
-75.805; -1
-75.706; -1
-75.604; -1
-75.504; -1
-75.401; -1
-75.302; -1
-75.202; -1
-75.101; -1
-74.983; -1
-74.902; -1
-74.793; -1
-74.703; -1
-74.589; -1
-74.499; -1
-74.39; -1
-74.299; -1
-74.21; -1
-74.1; -1
-74.008; -1
-73.518; -1
-73.487; -1
-73.407; -1
-73.295; -1
-73.205; -1
-73.105; -1
-72.971; -1
-72.907; -1
-72.784; -1
-72.702; -1
-72.581; -1
-72.506; -1
-72.403; -1
-72.304; -1
-72.191; -1
-72.103; -1
-72.006; -1
-71.901; -1
-71.791; -1
-71.698; -1
-71.223; -1
-71.19; -1
-71.097; -1
-71.009; -1
-70.874; -1
-70.805; -1
-70.707; -1
-70.603; -1
-70.507; -1
-70.387; -1
-70.308; -1
-70.184; -1
-70.101; -1
-70.008; -1
-69.903; -1
-69.803; -1
-69.704; -1
-69.601; -1
-69.504; -1
-69.391; -1
-68.931; -1
-68.901; -1
-68.784; -1
-68.709; -1
-68.588; -1
-68.508; -1
-68.39; -1
-68.299; -1
-68.208; -1
-68.098; -1
-67.989; -1
-67.91; -1
-67.796; -1
-67.695; -1
-67.609; -1
-67.494; -1
-67.405; -1
-67.296; -1
-67.208; -1
-67.107; -1
-66.995; -1
-66.906; -1
-66.804; -1
-66.687; -1
-66.604; -1
-66.103; -1
-66.069; -1
-65.999; -1
-65.904; -1
-65.802; -1
-65.701; -1
-65.598; -1
-65.5; -1
-65.409; -1
-65.31; -1
-65.202; -1
-65.101; -1
-64.998; -1
-64.907; -1
-64.809; -1
-64.681; -1
-64.606; -1
-64.494; -1
-64.399; -1
-64.307; -1
-64.205; -1
-63.72; -1
-63.69; -1
-63.601; -1
-63.506; -1
-63.401; -1
-63.302; -1
-63.204; -1
-63.101; -1
-63.003; -1
-62.9; -1
-62.802; -1
-62.701; -1
-62.578; -1
-62.51; -1
-62.391; -1
-62.308; -1
-62.189; -1
-62.091; -1
-62.008; -1
-61.906; -1
-61.808; -1
-61.709; -1
-61.61; -1
-61.506; -1
-61.406; -1
-60.917; -1
-60.888; -1
-60.804; -1
-60.707; -1
-60.608; -1
-60.472; -1
-60.403; -1
-60.305; -1
-60.191; -1
-60.1; -1
-59.992; -1
-59.911; -1
-59.787; -1
-59.707; -1
-59.587; -1
-59.51; -1
-59.387; -1
-59.309; -1
-59.187; -1
-59.111; -1
-58.638; -1
-58.638; -1
-58.389; -1
-58.307; -1
-58.205; -1
-58.104; -1
-58.003; -1
-57.911; -1
-57.801; -1
-57.704; -1
-57.6; -1
-57.503; -1
-57.41; -1
-57.286; -1
-57.188; -1
-57.099; -1
-57.011; -1
-56.91; -1
-56.811; -1
-56.709; -1
-56.611; -1
-56.504; -1
-56.409; -1
-56.286; -1
-56.206; -1
-55.716; -1
-55.684; -1
-55.604; -1
-55.505; -1
-55.405; -1
-55.308; -1
-55.209; -1
-55.106; -1
-55.005; -1
-54.907; -1
-54.805; -1
-54.706; -1
-54.605; -1
-54.504; -1
-54.4; -1
-54.302; -1
-54.178; -1
-54.099; -1
-53.99; -1
-53.905; -1
-53.792; -1
-53.702; -1
-53.609; -1
-53.512; -1
-53.007; -1
-52.975; -1
-52.91; -1
-52.796; -1
-52.708; -1
-52.596; -1
-52.496; -1
-52.406; -1
-52.307; -1
-52.181; -1
-52.105; -1
-51.981; -1
-51.891; -1
-51.802; -1
-51.687; -1
-51.604; -1
-51.484; -1
-51.389; -1
-51.3; -1
-51.19; -1
-51.099; -1
-50.988; -1
-50.901; -1
-50.791; -1
-50.698; -1
-50.229; -1
-50.158; -1
-50.107; -1
-49.988; -1
-49.896; -1
-49.784; -1
-49.689; -1
-49.606; -1
-49.509; -1
-49.385; -1
-49.308; -1
-49.181; -1
-49.105; -1
-49.003; -1
-48.891; -1
-48.802; -1
-48.704; -1
-48.601; -1
-48.503; -1
-48.409; -1
-47.916; -1
-47.853; -1
-47.788; -1
-47.687; -1
-47.588; -1
-47.509; -1
-47.384; -1
-47.298; -1
-47.207; -1
-47.099; -1
-46.989; -1
-46.908; -1
-46.786; -1
-46.705; -1
-46.584; -1
-46.507; -1
-46.405; -1
-46.297; -1
-46.207; -1
-46.092; -1
-46.002; -1
-45.905; -1
-45.762; -1
-45.7; -1
-45.215; -1
-45.186; -1
-45.099; -1
-45; -1
-44.901; -1
-44.794; -1
-44.7; -1
-44.599; -1
-44.489; -1
-44.4; -1
-44.299; -1
-44.199; -1
-44.097; -1
-44.009; -1
-43.896; -1
-43.806; -1
-43.693; -1
-43.584; -1
-43.506; -1
-43.376; -1
-43.303; -1
-43.201; -1
-43.098; -1
-43.004; -1
-42.888; -1
-42.418; -1
-42.388; -1
-42.286; -1
-42.202; -1
-42.104; -1
-42; -1
-41.902; -1
-41.802; -1
-41.684; -1
-41.587; -1
-41.51; -1
-41.387; -1
-41.309; -1
-41.186; -1
-41.097; -1
-41.004; -1
-40.893; -1
-40.807; -1
-40.309; -1
-40.277; -1
-40.202; -1
-40.094; -1
-40.005; -1
-39.904; -1
-39.793; -1
-39.704; -1
-39.585; -1
-39.501; -1
-39.391; -1
-39.299; -1
-39.19; -1
-39.111; -1
-38.99; -1
-38.91; -1
-38.789; -1
-38.697; -1
-38.611; -1
-38.498; -1
-38.41; -1
-38.297; -1
-38.207; -1
-38.094; -1
-37.99; -1
-37.894; -1
-37.81; -1
-37.32; -1
-37.257; -1
-37.181; -1
-37.088; -1
-37.008; -1
-36.891; -1
-36.804; -1
-36.704; -1
-36.6; -1
-36.5; -1
-36.393; -1
-36.298; -1
-36.19; -1
-36.099; -1
-36.004; -1
-35.9; -1
-35.799; -1
-35.702; -1
-35.612; -1
-35.114; -1
-35.047; -1
-35.008; -1
-34.897; -1
-34.795; -1
-34.7; -1
-34.605; -1
-34.506; -1
-34.384; -1
-34.305; -1
-34.193; -1
-34.102; -1
-33.99; -1
-33.895; -1
-33.79; -1
-33.709; -1
-33.592; -1
-33.5; -1
-33.39; -1
-33.301; -1
-33.21; -1
-33.098; -1
-32.976; -1
-32.907; -1
-32.409; -1
-32.409; -1
-32.2; -1
-32.098; -1
-31.997; -1
-31.909; -1
-31.798; -1
-31.694; -1
-31.608; -1
-31.496; -1
-31.405; -1
-31.293; -1
-31.204; -1
-31.106; -1
-30.968; -1
-30.903; -1
-30.793; -1
-30.702; -1
-30.605; -1
-30.485; -1
-30.39; -1
-30.299; -1
-30.19; -1
-29.718; -1
-29.688; -1
-29.591; -1
-29.5; -1
-29.399; -1
-29.299; -1
-29.199; -1
-29.097; -1
-29; -1
-28.884; -1
-28.784; -1
-28.693; -1
-28.609; -1
-28.491; -1
-28.407; -1
-28.291; -1
-28.195; -1
-28.103; -1
-27.994; -1
-27.904; -1
-27.804; -1
-27.689; -1
-27.606; -1
-27.487; -1
-27.393; -1
-26.92; -1
-26.86; -1
-26.788; -1
-26.698; -1
-26.588; -1
-26.509; -1
-26.391; -1
-26.295; -1
-26.211; -1
-26.095; -1
-26.005; -1
-25.911; -1
-25.789; -1
-25.704; -1
-25.586; -1
-25.496; -1
-25.406; -1
-25.293; -1
-24.831; -1
-24.76; -1
-24.687; -1
-24.603; -1
-24.5; -1
-24.391; -1
-24.299; -1
-24.188; -1
-24.102; -1
-23.989; -1
-23.901; -1
-23.789; -1
-23.696; -1
-23.59; -1
-23.508; -1
-23.383; -1
-23.307; -1
-23.188; -1
-23.097; -1
-23.005; -1
-22.894; -1
-22.782; -1
-22.707; -1
-22.209; -1
-22.178; -1
-22.086; -1
-22.086; -1
-21.705; -1
-21.602; -1
-21.502; -1
-21.402; -1
-21.301; -1
-21.204; -1
-21.101; -1
-21.001; -1
-20.902; -1
-20.778; -1
-20.704; -1
-20.609; -1
-20.495; -1
-20.389; -1
-20.296; -1
-20.203; -1
-20.106; -1
-20.006; -1
-19.904; -1
-19.414; -1
-19.384; -1
-19.306; -1
-19.197; -1
-19.105; -1
-19.006; -1
-18.892; -1
-18.805; -1
-18.671; -1
-18.593; -1
-18.501; -1
-18.41; -1
-18.3; -1
-18.188; -1
-18.1; -1
-17.989; -1
-17.896; -1
-17.789; -1
-17.686; -1
-17.609; -1
-17.109; -1
-17.079; -1
-17.003; -1
-16.895; -1
-16.808; -1
-16.672; -1
-16.606; -1
-16.505; -1
-16.405; -1
-16.293; -1
-16.194; -1
-16.103; -1
-15.992; -1
-15.903; -1
-15.794; -1
-15.704; -1
-15.593; -1
-15.498; -1
-15.394; -1
-15.3; -1
-15.21; -1
-15.088; -1
-14.992; -1
-14.888; -1
-14.789; -1
-14.708; -1
-14.174; -1
-14.142; -1
-14.105; -1
-13.986; -1
-13.907; -1
-13.806; -1
-13.707; -1
-13.605; -1
-13.509; -1
-13.404; -1
-13.303; -1
-13.207; -1
-13.105; -1
-13.007; -1
-12.904; -1
-12.8; -1
-12.706; -1
-12.592; -1
-12.485; -1
-12.393; -1
-12.302; -1
-11.819; -1
-11.788; -1
-11.706; -1
-11.602; -1
-11.506; -1
-11.4; -1
-11.3; -1
-11.212; -1
-11.097; -1
-10.999; -1
-10.907; -1
-10.806; -1
-10.706; -1
-10.609; -1
-10.507; -1
-10.388; -1
-10.312; -1
-10.194; -1
-10.103; -1
-9.994; -1
-9.904; -1
-9.793; -1
-9.704; -1
-9.591; -1
-9.507; -1
-9.389; -1
-8.927; -1
-8.895; -1
-8.799; -1
-8.698; -1
-8.596; -1
-8.497; -1
-8.409; -1
-8.279; -1
-8.21; -1
-8.111; -1
-8.007; -1
-7.904; -1
-7.801; -1
-7.703; -1
-7.607; -1
-7.492; -1
-7.405; -1
-7.309; -1
-7.204; -1
-7.104; -1
-6.614; -1
-6.614; -1
-6.398; -1
-6.303; -1
-6.184; -1
-6.109; -1
-5.991; -1
-5.897; -1
-5.791; -1
-5.711; -1
-5.585; -1
-5.507; -1
-5.406; -1
-5.31; -1
-5.21; -1
-5.11; -1
-5.004; -1
-4.908; -1
-4.808; -1
-4.707; -1
-4.608; -1
-4.507; -1
-4.408; -1
-4.306; -1
-3.807; -1
-3.723; -1
-3.694; -1
-3.59; -1
-3.497; -1
-3.394; -1
-3.301; -1
-3.192; -1
-3.1; -1
-2.991; -1
-2.901; -1
-2.811; -1
-2.699; -1
-2.607; -1
-2.508; -1
-2.411; -1
-2.306; -1
-2.208; -1
-2.108; -1
-2.007; -1
-1.91; -1
-1.81; -1
-1.69; -1
-1.606; -1
-1.131; -1
-1.098; -1
-1.098; -1
-0.985; -1
-0.864; -1
-0.805; -1
-0.689; -1
-0.607; -1
-0.511; -1
-0.413; -1
-0.304; -1
-0.212; -1
-0.104; -1
-0.003; -1
-299.998; 5.82453e-11
-299.889; 5.82452e-11
-299.802; 5.82452e-11
-299.697; 5.82452e-11
-299.577; 5.82453e-11
-299.123; 5.82452e-11
-299.096; 5.82452e-11
-298.995; 5.82452e-11
-298.901; 5.82452e-11
-298.785; 5.82452e-11
-298.7; 5.82452e-11
-298.584; 5.82452e-11
-298.5; 5.82452e-11
-298.398; 5.82452e-11
-298.288; 5.82451e-11
-298.185; 5.82451e-11
-298.099; 5.82451e-11
-297.988; 5.82451e-11
-297.893; 5.82451e-11
-297.781; 5.82451e-11
-297.694; 5.82451e-11
-297.6; 5.82451e-11
-297.504; 5.82451e-11
-297.383; 5.82451e-11
-297.291; 5.82451e-11
-297.206; 5.82451e-11
-297.093; 5.82451e-11
-297; 5.82451e-11
-296.898; 5.82451e-11
-296.395; 5.82451e-11
-296.366; 5.82451e-11
-296.285; 5.82451e-11
-296.177; 5.82451e-11
-296.099; 5.82452e-11
-295.978; 5.82452e-11
-295.896; 5.82451e-11
-295.787; 5.82451e-11
-295.696; 5.82451e-11
-295.584; 5.82451e-11
-295.505; 5.82451e-11
-295.382; 5.82451e-11
-295.294; 5.82451e-11
-295.183; 5.8245e-11
-295.095; 5.8245e-11
-294.983; 5.82451e-11
-294.891; 5.82451e-11
-294.779; 5.8245e-11
-294.701; 5.8245e-11
-294.579; 5.8245e-11
-294.501; 5.8245e-11
-294.38; 5.8245e-11
-294.301; 5.8245e-11
-294.161; 5.8245e-11
-294.09; 5.8245e-11
-293.606; 5.8245e-11
-293.576; 5.8245e-11
-293.483; 5.8245e-11
-293.402; 5.82449e-11
-293.299; 5.82449e-11
-293.185; 5.82449e-11
-293.101; 5.82449e-11
-292.992; 5.82449e-11
-292.896; 5.82449e-11
-292.8; 5.82449e-11
-292.699; 5.82449e-11
-292.595; 5.82448e-11
-292.496; 5.82448e-11
-292.394; 5.82448e-11
-292.298; 5.82448e-11
-292.206; 5.82448e-11
-292.07; 5.82448e-11
-291.983; 5.82448e-11
-291.893; 5.82448e-11
-291.801; 5.82448e-11
-291.318; 5.82448e-11
-291.291; 5.82448e-11
-291.195; 5.82448e-11
-291.092; 5.82449e-11
-291.001; 5.82449e-11
-290.892; 5.82449e-11
-290.8; 5.82449e-11
-290.689; 5.82448e-11
-290.602; 5.82448e-11
-290.5; 5.82448e-11
-290.4; 5.82448e-11
-290.298; 5.82448e-11
-290.198; 5.82448e-11
-290.099; 5.82448e-11
-289.982; 5.82449e-11
-289.898; 5.82449e-11
-289.785; 5.82448e-11
-289.695; 5.82448e-11
-289.589; 5.82448e-11
-289.493; 5.82448e-11
-289.386; 5.82448e-11
-289.294; 5.82448e-11
-289.184; 5.82448e-11
-289.096; 5.82448e-11
-288.983; 5.82448e-11
-288.897; 5.82448e-11
-288.4; 5.82448e-11
-288.368; 5.82448e-11
-288.288; 5.82447e-11
-288.188; 5.82447e-11
-288.089; 5.82447e-11
-288.003; 5.82447e-11
-287.867; 5.82447e-11
-287.799; 5.82447e-11
-287.688; 5.82447e-11
-287.605; 5.82447e-11
-287.501; 5.82447e-11
-287.403; 5.82447e-11
-287.299; 5.82446e-11
-287.201; 5.82446e-11
-287.102; 5.82446e-11
-287.001; 5.82447e-11
-286.902; 5.82447e-11
-286.8; 5.82447e-11
-286.7; 5.82446e-11
-286.6; 5.82446e-11
-286.128; 5.82446e-11
-286.097; 5.82446e-11
-285.985; 5.82446e-11
-285.895; 5.82446e-11
-285.774; 5.82446e-11
-285.693; 5.82446e-11
-285.602; 5.82446e-11
-285.503; 5.82446e-11
-285.383; 5.82446e-11
-285.3; 5.82446e-11
-285.182; 5.82446e-11
-285.101; 5.82446e-11
-285.001; 5.82446e-11
-284.899; 5.82446e-11
-284.8; 5.82446e-11
-284.704; 5.82446e-11
-284.597; 5.82446e-11
-284.5; 5.82446e-11
-284.403; 5.82446e-11
-284.296; 5.82446e-11
-284.186; 5.82446e-11
-284.096; 5.82446e-11
-283.986; 5.82445e-11
-283.899; 5.82445e-11
-283.371; 5.82445e-11
-283.337; 5.82445e-11
-283.299; 5.82446e-11
-283.204; 5.82446e-11
-283.095; 5.82446e-11
-283.004; 5.82446e-11
-282.893; 5.82446e-11
-282.783; 5.82446e-11
-282.704; 5.82446e-11
-282.583; 5.82446e-11
-282.5; 5.82446e-11
-282.383; 5.82447e-11
-282.303; 5.82446e-11
-282.205; 5.82446e-11
-282.088; 5.82446e-11
-282.002; 5.82446e-11
-281.889; 5.82446e-11
-281.764; 5.82446e-11
-281.701; 5.82446e-11
-281.578; 5.82446e-11
-281.126; 5.82446e-11
-281.097; 5.82446e-11
-280.976; 5.82447e-11
-280.9; 5.82497e-11
-280.78; 5.82528e-11
-280.7; 5.82558e-11
-280.586; 5.82586e-11
-280.505; 5.82591e-11
-280.505; 5.82591e-11
-280.505; 5.82591e-11
-279.897; 5.82658e-11
-279.801; 5.82688e-11
-279.681; 5.82724e-11
-279.582; 5.82756e-11
-279.495; 5.82768e-11
-279.495; 5.82768e-11
-278.9; 5.82827e-11
-278.801; 5.82853e-11
-278.317; 5.82877e-11
-278.276; 5.8288e-11
-278.193; 5.82992e-11
-278.094; 5.8302e-11
-278; 5.83042e-11
-277.898; 5.83066e-11
-277.79; 5.83092e-11
-277.699; 5.83118e-11
-277.569; 5.83145e-11
-277.495; 5.83173e-11
-277.384; 5.83198e-11
-277.295; 5.83221e-11
-277.185; 5.83245e-11
-277.094; 5.8327e-11
-276.982; 5.83295e-11
-276.903; 5.83319e-11
-276.781; 5.83345e-11
-276.703; 5.83365e-11
-276.599; 5.83388e-11
-276.49; 5.83416e-11
-276.002; 5.83439e-11
-275.965; 5.83444e-11
-275.896; 5.83552e-11
-275.789; 5.83579e-11
-275.689; 5.83604e-11
-275.582; 5.83626e-11
-275.498; 5.83646e-11
-275.378; 5.83673e-11
-275.303; 5.83696e-11
-275.184; 5.83721e-11
-275.103; 5.83743e-11
-275; 5.83767e-11
-274.884; 5.83793e-11
-274.798; 5.83815e-11
-274.699; 5.83832e-11
-274.589; 5.83853e-11
-274.498; 5.83878e-11
-274.387; 5.83901e-11
-274.295; 5.83923e-11
-274.197; 5.83945e-11
-274.096; 5.83971e-11
-273.992; 5.83995e-11
-273.883; 5.84021e-11
-273.795; 5.84038e-11
-273.696; 5.84063e-11
-273.606; 5.84083e-11
-273.091; 5.84109e-11
-273.053; 5.84153e-11
-272.994; 5.8422e-11
-272.896; 5.84242e-11
-272.796; 5.84264e-11
-272.697; 5.84283e-11
-272.593; 5.84308e-11
-272.49; 5.84335e-11
-272.385; 5.84352e-11
-272.288; 5.84377e-11
-272.189; 5.84395e-11
-272.087; 5.84425e-11
-271.999; 5.84447e-11
-271.889; 5.84467e-11
-271.789; 5.84494e-11
-271.697; 5.84517e-11
-271.595; 5.84539e-11
-271.475; 5.84565e-11
-271.381; 5.84581e-11
-271.291; 5.84609e-11
-271.185; 5.84634e-11
-271.085; 5.84651e-11
-270.946; 5.84677e-11
-270.865; 5.84639e-11
-270.765; 5.84631e-11
-270.285; 5.8462e-11
-270.242; 5.84619e-11
-270.184; 5.84607e-11
-270.106; 5.84607e-11
-269.991; 5.84592e-11
-269.902; 5.84578e-11
-269.785; 5.84564e-11
-269.702; 5.84553e-11
-269.591; 5.84538e-11
-269.49; 5.84537e-11
-269.383; 5.84536e-11
-269.295; 5.84535e-11
-269.188; 5.84534e-11
-269.072; 5.84531e-11
-268.985; 5.84527e-11
-268.885; 5.84523e-11
-268.788; 5.84518e-11
-268.697; 5.84516e-11
-268.584; 5.84516e-11
-268.107; 5.84515e-11
-268.075; 5.84517e-11
-267.992; 5.84505e-11
-267.894; 5.845e-11
-267.795; 5.84498e-11
-267.693; 5.84494e-11
-267.592; 5.84491e-11
-267.495; 5.84488e-11
-267.37; 5.84486e-11
-267.29; 5.84486e-11
-267.183; 5.84483e-11
-267.082; 5.8448e-11
-266.981; 5.84477e-11
-266.901; 5.84475e-11
-266.78; 5.84473e-11
-266.686; 5.84473e-11
-266.601; 5.84471e-11
-266.487; 5.84465e-11
-266.379; 5.8446e-11
-266.296; 5.84459e-11
-266.189; 5.84459e-11
-266.099; 5.84457e-11
-265.989; 5.84455e-11
-265.883; 5.84449e-11
-265.79; 5.84446e-11
-265.7; 5.8444e-11
-265.21; 5.84438e-11
-265.14; 5.84438e-11
-265.091; 5.84431e-11
-264.986; 5.84427e-11
-264.892; 5.84428e-11
-264.805; 5.84424e-11
-264.692; 5.84429e-11
-264.58; 5.84428e-11
-264.493; 5.84428e-11
-264.383; 5.84427e-11
-264.291; 5.84427e-11
-264.179; 5.84425e-11
-264.102; 5.84424e-11
-263.98; 5.84422e-11
-263.888; 5.84421e-11
-263.779; 5.84421e-11
-263.691; 5.84416e-11
-263.575; 5.84414e-11
-263.49; 5.84414e-11
-263.012; 5.84412e-11
-262.951; 5.84411e-11
-262.894; 5.84405e-11
-262.79; 5.84405e-11
-262.686; 5.84405e-11
-262.578; 5.84405e-11
-262.494; 5.84403e-11
-262.383; 5.844e-11
-262.292; 5.84399e-11
-262.185; 5.84398e-11
-262.094; 5.84396e-11
-261.985; 5.8439e-11
-261.881; 5.8439e-11
-261.78; 5.84387e-11
-261.701; 5.84387e-11
-261.602; 5.84384e-11
-261.493; 5.84382e-11
-261.399; 5.84379e-11
-261.29; 5.84374e-11
-261.183; 5.84373e-11
-261.101; 5.84375e-11
-260.978; 5.84375e-11
-260.887; 5.84374e-11
-260.779; 5.84369e-11
-260.313; 5.8437e-11
-260.281; 5.84371e-11
-260.184; 5.84364e-11
-260.097; 5.84361e-11
-259.997; 5.8436e-11
-259.89; 5.84362e-11
-259.8; 5.84362e-11
-259.685; 5.84361e-11
-259.595; 5.84361e-11
-259.494; 5.84357e-11
-259.391; 5.84353e-11
-259.297; 5.84353e-11
-259.198; 5.84352e-11
-259.093; 5.84352e-11
-258.995; 5.84351e-11
-258.893; 5.84352e-11
-258.773; 5.84353e-11
-258.697; 5.84353e-11
-258.58; 5.84352e-11
-258.491; 5.84351e-11
-258.4; 5.8435e-11
-258.292; 5.84347e-11
-258.181; 5.84348e-11
-258.101; 5.84346e-11
-257.592; 5.84347e-11
-257.559; 5.84347e-11
-257.498; 5.84336e-11
-257.384; 5.84329e-11
-257.298; 5.84328e-11
-257.198; 5.84326e-11
-257.087; 5.84323e-11
-257.001; 5.84321e-11
-256.887; 5.84317e-11
-256.792; 5.84314e-11
-256.685; 5.84315e-11
-256.584; 5.84315e-11
-256.491; 5.84313e-11
-256.384; 5.84317e-11
-256.292; 5.84317e-11
-256.184; 5.84315e-11
-256.101; 5.84312e-11
-255.985; 5.8431e-11
-255.896; 5.84311e-11
-255.801; 5.84312e-11
-255.3; 5.84314e-11
-255.269; 5.84315e-11
-255.189; 5.84303e-11
-255.092; 5.84301e-11
-255.002; 5.84299e-11
-254.889; 5.84295e-11
-254.801; 5.84296e-11
-254.68; 5.84298e-11
-254.579; 5.84298e-11
-254.501; 5.84295e-11
-254.39; 5.84291e-11
-254.298; 5.84288e-11
-254.188; 5.84288e-11
-254.097; 5.84287e-11
-254.001; 5.84282e-11
-253.883; 5.84278e-11
-253.789; 5.84276e-11
-253.705; 5.84276e-11
-253.586; 5.84277e-11
-253.496; 5.84271e-11
-253.389; 5.84272e-11
-253.294; 5.84273e-11
-253.177; 5.84271e-11
-253.094; 5.84268e-11
-252.597; 5.84264e-11
-252.597; 5.84264e-11
-252.399; 5.84252e-11
-252.291; 5.8425e-11
-252.179; 5.84248e-11
-252.099; 5.84245e-11
-251.979; 5.84245e-11
-251.894; 5.84243e-11
-251.804; 5.84243e-11
-251.698; 5.84242e-11
-251.599; 5.8424e-11
-251.49; 5.84236e-11
-251.397; 5.84236e-11
-251.295; 5.84238e-11
-251.178; 5.84232e-11
-251.097; 5.8423e-11
-250.974; 5.84229e-11
-250.898; 5.84229e-11
-250.793; 5.84229e-11
-250.695; 5.84227e-11
-250.586; 5.84222e-11
-250.492; 5.8422e-11
-250.383; 5.8422e-11
-250.293; 5.84218e-11
-250.185; 5.84221e-11
-249.722; 5.8422e-11
-249.69; 5.8422e-11
-249.588; 5.84212e-11
-249.488; 5.84213e-11
-249.396; 5.84214e-11
-249.293; 5.84211e-11
-249.194; 5.84208e-11
-249.09; 5.84206e-11
-248.994; 5.84204e-11
-248.902; 5.84201e-11
-248.79; 5.842e-11
-248.703; 5.84198e-11
-248.59; 5.84196e-11
-248.482; 5.84191e-11
-248.398; 5.84187e-11
-248.288; 5.84187e-11
-248.184; 5.84183e-11
-248.099; 5.84183e-11
-247.61; 5.84183e-11
-247.578; 5.84183e-11
-247.491; 5.84179e-11
-247.396; 5.84178e-11
-247.293; 5.84178e-11
-247.194; 5.84175e-11
-247.096; 5.84172e-11
-246.994; 5.84173e-11
-246.895; 5.84172e-11
-246.792; 5.8417e-11
-246.704; 5.84167e-11
-246.593; 5.84167e-11
-246.494; 5.84166e-11
-246.382; 5.84163e-11
-246.289; 5.84162e-11
-246.183; 5.8416e-11
-246.097; 5.84163e-11
-245.977; 5.84164e-11
-245.896; 5.84165e-11
-245.799; 5.84163e-11
-245.699; 5.84161e-11
-245.598; 5.8416e-11
-245.501; 5.8416e-11
-245.4; 5.84159e-11
-245.293; 5.84155e-11
-244.812; 5.84153e-11
-244.779; 5.84153e-11
-244.691; 5.84144e-11
-244.594; 5.84138e-11
-244.499; 5.84139e-11
-244.375; 5.84142e-11
-244.303; 5.84138e-11
-244.185; 5.84134e-11
-244.093; 5.84132e-11
-243.982; 5.8413e-11
-243.889; 5.8413e-11
-243.805; 5.84134e-11
-243.691; 5.8413e-11
-243.58; 5.84131e-11
-243.487; 5.84126e-11
-243.379; 5.84123e-11
-243.301; 5.84121e-11
-243.182; 5.84123e-11
-243.097; 5.84122e-11
-243; 5.84122e-11
-242.899; 5.84125e-11
-242.416; 5.84125e-11
-242.348; 5.84124e-11
-242.277; 5.84116e-11
-242.187; 5.84116e-11
-242.097; 5.84116e-11
-241.984; 5.84117e-11
-241.898; 5.84117e-11
-241.784; 5.84113e-11
-241.697; 5.84112e-11
-241.587; 5.8411e-11
-241.495; 5.84112e-11
-241.384; 5.84114e-11
-241.293; 5.84111e-11
-241.183; 5.84112e-11
-241.095; 5.84112e-11
-241.004; 5.84109e-11
-240.892; 5.84108e-11
-240.783; 5.84108e-11
-240.703; 5.84109e-11
-240.58; 5.8411e-11
-240.49; 5.84108e-11
-240.403; 5.84105e-11
-240.284; 5.84103e-11
-240.19; 5.84099e-11
-240.102; 5.84101e-11
-239.605; 5.84101e-11
-239.573; 5.841e-11
-239.5; 5.84089e-11
-239.388; 5.84089e-11
-239.3; 5.8409e-11
-239.201; 5.8409e-11
-239.101; 5.8409e-11
-238.994; 5.84088e-11
-238.898; 5.84083e-11
-238.799; 5.84082e-11
-238.699; 5.84082e-11
-238.598; 5.8408e-11
-238.498; 5.84083e-11
-238.398; 5.84084e-11
-238.295; 5.84082e-11
-238.176; 5.84084e-11
-238.083; 5.84085e-11
-237.986; 5.84083e-11
-237.892; 5.84084e-11
-237.799; 5.84082e-11
-237.695; 5.8408e-11
-237.216; 5.8408e-11
-237.183; 5.8408e-11
-237.096; 5.84085e-11
-236.99; 5.84085e-11
-236.901; 5.84083e-11
-236.802; 5.84083e-11
-236.702; 5.84082e-11
-236.602; 5.8408e-11
-236.502; 5.8408e-11
-236.397; 5.8408e-11
-236.296; 5.84078e-11
-236.199; 5.84076e-11
-236.08; 5.84074e-11
-235.989; 5.84073e-11
-235.9; 5.8407e-11
-235.787; 5.84069e-11
-235.695; 5.84068e-11
-235.606; 5.84067e-11
-235.492; 5.84065e-11
-235.384; 5.84064e-11
-235.306; 5.84067e-11
-234.814; 5.84067e-11
-234.783; 5.84066e-11
-234.699; 5.84057e-11
-234.594; 5.84057e-11
-234.505; 5.84055e-11
-234.4; 5.84052e-11
-234.292; 5.84052e-11
-234.202; 5.84054e-11
-234.082; 5.84057e-11
-234.002; 5.84056e-11
-233.888; 5.84052e-11
-233.795; 5.84049e-11
-233.7; 5.8405e-11
-233.579; 5.8405e-11
-233.495; 5.84052e-11
-233.388; 5.84053e-11
-233.299; 5.84052e-11
-233.188; 5.84049e-11
-233.097; 5.84046e-11
-232.989; 5.84047e-11
-232.897; 5.84043e-11
-232.788; 5.84039e-11
-232.697; 5.84039e-11
-232.584; 5.84039e-11
-232.493; 5.84038e-11
-232.007; 5.84039e-11
-231.936; 5.84039e-11
-231.897; 5.84033e-11
-231.799; 5.84028e-11
-231.704; 5.84026e-11
-231.603; 5.84026e-11
-231.5; 5.84024e-11
-231.401; 5.84023e-11
-231.301; 5.84026e-11
-231.204; 5.84022e-11
-231.098; 5.8402e-11
-231.001; 5.84021e-11
-230.891; 5.84019e-11
-230.799; 5.84019e-11
-230.698; 5.84016e-11
-230.6; 5.84017e-11
-230.501; 5.84015e-11
-230.39; 5.84015e-11
-230.297; 5.84018e-11
-230.186; 5.84016e-11
-230.098; 5.8401e-11
-229.987; 5.84008e-11
-229.871; 5.84008e-11
-229.784; 5.84008e-11
-229.699; 5.84006e-11
-229.217; 5.84006e-11
-229.217; 5.84006e-11
-228.993; 5.83994e-11
-228.893; 5.83998e-11
-228.794; 5.83998e-11
-228.69; 5.83996e-11
-228.605; 5.83999e-11
-228.491; 5.83996e-11
-228.404; 5.84e-11
-228.293; 5.83998e-11
-228.204; 5.83993e-11
-228.103; 5.83991e-11
-228.005; 5.83988e-11
-227.904; 5.83985e-11
-227.784; 5.83984e-11
-227.7; 5.83982e-11
-227.598; 5.83978e-11
-227.5; 5.8398e-11
-227.013; 5.83976e-11
-226.983; 5.83977e-11
-226.895; 5.83969e-11
-226.798; 5.83967e-11
-226.699; 5.83966e-11
-226.597; 5.83966e-11
-226.496; 5.83965e-11
-226.397; 5.83964e-11
-226.295; 5.83966e-11
-226.203; 5.83963e-11
-226.095; 5.83961e-11
-225.997; 5.83959e-11
-225.906; 5.8396e-11
-225.803; 5.83956e-11
-225.686; 5.83956e-11
-225.599; 5.83953e-11
-225.505; 5.83955e-11
-225.399; 5.83954e-11
-225.303; 5.83952e-11
-225.205; 5.83951e-11
-225.101; 5.83953e-11
-225; 5.83954e-11
-224.902; 5.83954e-11
-224.799; 5.83953e-11
-224.7; 5.83955e-11
-224.22; 5.8396e-11
-224.186; 5.8396e-11
-224.091; 5.83953e-11
-223.997; 5.83953e-11
-223.9; 5.83955e-11
-223.798; 5.83954e-11
-223.706; 5.83952e-11
-223.567; 5.8395e-11
-223.501; 5.8395e-11
-223.406; 5.83947e-11
-223.306; 5.83949e-11
-223.201; 5.8395e-11
-223.107; 5.83951e-11
-223.006; 5.83949e-11
-222.901; 5.8395e-11
-222.801; 5.83953e-11
-222.701; 5.8395e-11
-222.601; 5.8395e-11
-222.498; 5.83948e-11
-222.404; 5.83945e-11
-221.911; 5.83947e-11
-221.876; 5.83947e-11
-221.787; 5.83952e-11
-221.702; 5.83953e-11
-221.57; 5.83953e-11
-221.501; 5.83954e-11
-221.388; 5.83954e-11
-221.294; 5.83949e-11
-221.187; 5.83951e-11
-221.084; 5.83951e-11
-220.988; 5.83951e-11
-220.896; 5.83951e-11
-220.786; 5.83947e-11
-220.706; 5.83951e-11
-220.606; 5.8395e-11
-220.49; 5.83945e-11
-220.384; 5.83944e-11
-220.295; 5.83939e-11
-220.184; 5.83937e-11
-220.093; 5.83942e-11
-219.993; 5.83945e-11
-219.888; 5.83946e-11
-219.804; 5.83945e-11
-219.704; 5.83945e-11
-219.205; 5.83946e-11
-219.129; 5.83946e-11
-219.099; 5.83954e-11
-218.994; 5.83953e-11
-218.901; 5.8395e-11
-218.798; 5.83948e-11
-218.7; 5.83947e-11
-218.6; 5.83946e-11
-218.498; 5.83948e-11
-218.389; 5.83943e-11
-218.297; 5.83943e-11
-218.187; 5.83944e-11
-218.083; 5.83943e-11
-217.987; 5.83942e-11
-217.897; 5.83944e-11
-217.789; 5.83942e-11
-217.697; 5.83943e-11
-217.585; 5.83941e-11
-217.493; 5.83937e-11
-217.384; 5.83935e-11
-217.292; 5.83937e-11
-217.184; 5.83938e-11
-217.083; 5.83939e-11
-216.978; 5.83942e-11
-216.51; 5.83943e-11
-216.468; 5.83943e-11
-216.389; 5.83936e-11
-216.303; 5.83933e-11
-216.191; 5.83934e-11
-216.087; 5.83936e-11
-215.99; 5.83935e-11
-215.904; 5.83934e-11
-215.802; 5.83933e-11
-215.69; 5.83932e-11
-215.587; 5.83935e-11
-215.501; 5.83934e-11
-215.383; 5.83937e-11
-215.286; 5.83936e-11
-215.202; 5.83937e-11
-215.099; 5.83936e-11
-214.974; 5.83934e-11
-214.904; 5.83935e-11
-214.779; 5.8394e-11
-214.695; 5.83938e-11
-214.586; 5.83938e-11
-214.492; 5.83937e-11
-214.387; 5.83935e-11
-214.307; 5.83935e-11
-213.807; 5.83936e-11
-213.777; 5.83937e-11
-213.685; 5.83934e-11
-213.605; 5.83933e-11
-213.504; 5.83932e-11
-213.393; 5.83935e-11
-213.302; 5.83931e-11
-213.199; 5.83927e-11
-213.089; 5.83929e-11
-212.97; 5.83929e-11
-212.902; 5.83929e-11
-212.792; 5.83929e-11
-212.7; 5.83928e-11
-212.601; 5.83931e-11
-212.499; 5.8393e-11
-212.387; 5.8393e-11
-212.298; 5.83929e-11
-212.188; 5.83925e-11
-212.095; 5.83926e-11
-212.008; 5.83924e-11
-211.521; 5.83924e-11
-211.491; 5.83923e-11
-211.391; 5.83913e-11
-211.294; 5.83917e-11
-211.197; 5.83917e-11
-211.104; 5.83917e-11
-211.007; 5.83914e-11
-210.888; 5.8391e-11
-210.803; 5.83911e-11
-210.686; 5.83911e-11
-210.605; 5.83907e-11
-210.499; 5.83908e-11
-210.382; 5.83908e-11
-210.303; 5.83908e-11
-210.18; 5.83909e-11
-210.1; 5.83907e-11
-209.999; 5.83904e-11
-209.897; 5.83904e-11
-209.801; 5.83904e-11
-209.702; 5.83904e-11
-209.586; 5.83904e-11
-209.501; 5.83901e-11
-209.391; 5.839e-11
-209.3; 5.83896e-11
-208.812; 5.83898e-11
-208.812; 5.83898e-11
-208.584; 5.83885e-11
-208.491; 5.83881e-11
-208.405; 5.83882e-11
-208.291; 5.83884e-11
-208.184; 5.83886e-11
-208.107; 5.83887e-11
-208.006; 5.83887e-11
-207.903; 5.83885e-11
-207.8; 5.83886e-11
-207.704; 5.83889e-11
-207.581; 5.83888e-11
-207.502; 5.83888e-11
-207.38; 5.83888e-11
-207.291; 5.83885e-11
-207.202; 5.83885e-11
-207.1; 5.83886e-11
-206.978; 5.83883e-11
-206.897; 5.83879e-11
-206.777; 5.83875e-11
-206.683; 5.83874e-11
-206.601; 5.83874e-11
-206.498; 5.83879e-11
-206.024; 5.83877e-11
-205.99; 5.83877e-11
-205.89; 5.83878e-11
-205.79; 5.83881e-11
-205.693; 5.83877e-11
-205.597; 5.83879e-11
-205.495; 5.8388e-11
-205.396; 5.83878e-11
-205.294; 5.83875e-11
-205.193; 5.83872e-11
-205.103; 5.83871e-11
-204.996; 5.83869e-11
-204.89; 5.83866e-11
-204.791; 5.83863e-11
-204.68; 5.83865e-11
-204.601; 5.83863e-11
-204.491; 5.8386e-11
-204.4; 5.8386e-11
-204.304; 5.8386e-11
-204.176; 5.83859e-11
-203.716; 5.83858e-11
-203.686; 5.83858e-11
-203.584; 5.83859e-11
-203.504; 5.83861e-11
-203.385; 5.83856e-11
-203.301; 5.83859e-11
-203.201; 5.8386e-11
-203.101; 5.83859e-11
-203; 5.83857e-11
-202.884; 5.83855e-11
-202.793; 5.83852e-11
-202.699; 5.83852e-11
-202.57; 5.83851e-11
-202.498; 5.83848e-11
-202.382; 5.83847e-11
-202.295; 5.83847e-11
-202.18; 5.83847e-11
-202.104; 5.83844e-11
-201.982; 5.83845e-11
-201.9; 5.83846e-11
-201.803; 5.83842e-11
-201.702; 5.83844e-11
-201.601; 5.83847e-11
-201.503; 5.83848e-11
-201.001; 5.83845e-11
-200.97; 5.83846e-11
-200.896; 5.8384e-11
-200.79; 5.83836e-11
-200.69; 5.83836e-11
-200.592; 5.83838e-11
-200.482; 5.83836e-11
-200.387; 5.83835e-11
-200.293; 5.83835e-11
-200.185; 5.83833e-11
-200.096; 5.83831e-11
-199.985; 5.83832e-11
-199.899; 5.83832e-11
-199.784; 5.8383e-11
-199.697; 5.83829e-11
-199.584; 5.83824e-11
-199.496; 5.83825e-11
-199.383; 5.83825e-11
-199.289; 5.83825e-11
-199.201; 5.83825e-11
-199.105; 5.8382e-11
-198.984; 5.83818e-11
-198.902; 5.8382e-11
-198.778; 5.83822e-11
-198.319; 5.83823e-11
-198.319; 5.83823e-11
-198.096; 5.83818e-11
-197.976; 5.83819e-11
-197.895; 5.83819e-11
-197.8; 5.83817e-11
-197.688; 5.83814e-11
-197.601; 5.8381e-11
-197.498; 5.83808e-11
-197.388; 5.83807e-11
-197.292; 5.83808e-11
-197.186; 5.83808e-11
-197.095; 5.83807e-11
-196.983; 5.83807e-11
-196.897; 5.83808e-11
-196.783; 5.83809e-11
-196.705; 5.83807e-11
-196.581; 5.83809e-11
-196.503; 5.83805e-11
-196.382; 5.83806e-11
-196.292; 5.83804e-11
-196.17; 5.83808e-11
-196.106; 5.83808e-11
-195.628; 5.83808e-11
-195.596; 5.83809e-11
-195.488; 5.83802e-11
-195.391; 5.83803e-11
-195.292; 5.83803e-11
-195.2; 5.83804e-11
-195.085; 5.83803e-11
-195; 5.83802e-11
-194.887; 5.83803e-11
-194.8; 5.83801e-11
-194.685; 5.83799e-11
-194.59; 5.83798e-11
-194.502; 5.83798e-11
-194.387; 5.83796e-11
-194.297; 5.83797e-11
-194.196; 5.83794e-11
-194.089; 5.83793e-11
-193.987; 5.83795e-11
-193.895; 5.83793e-11
-193.786; 5.83792e-11
-193.698; 5.83792e-11
-193.586; 5.8379e-11
-193.495; 5.83789e-11
-193.406; 5.83792e-11
-192.918; 5.83787e-11
-192.886; 5.83787e-11
-192.787; 5.8378e-11
-192.701; 5.83783e-11
-192.605; 5.83785e-11
-192.492; 5.83784e-11
-192.403; 5.83787e-11
-192.293; 5.83786e-11
-192.201; 5.83784e-11
-192.089; 5.83783e-11
-191.966; 5.8378e-11
-191.897; 5.8378e-11
-191.797; 5.83781e-11
-191.69; 5.83781e-11
-191.579; 5.83777e-11
-191.498; 5.83779e-11
-191.399; 5.83779e-11
-191.299; 5.83781e-11
-191.184; 5.8378e-11
-191.098; 5.83779e-11
-190.6; 5.83779e-11
-190.57; 5.83778e-11
-190.49; 5.83778e-11
-190.402; 5.83776e-11
-190.282; 5.83774e-11
-190.196; 5.83773e-11
-190.095; 5.83772e-11
-189.976; 5.83766e-11
-189.892; 5.83763e-11
-189.801; 5.83763e-11
-189.693; 5.83761e-11
-189.583; 5.83762e-11
-189.503; 5.83764e-11
-189.38; 5.83763e-11
-189.29; 5.83763e-11
-189.202; 5.83762e-11
-189.089; 5.83766e-11
-188.999; 5.83766e-11
-188.888; 5.83763e-11
-188.8; 5.83761e-11
-188.7; 5.83762e-11
-188.6; 5.8376e-11
-188.501; 5.83758e-11
-188.386; 5.83756e-11
-187.924; 5.83756e-11
-187.846; 5.83756e-11
-187.768; 5.83753e-11
-187.695; 5.83755e-11
-187.584; 5.83756e-11
-187.503; 5.83756e-11
-187.386; 5.83758e-11
-187.293; 5.83759e-11
-187.202; 5.83756e-11
-187.094; 5.83757e-11
-186.986; 5.83758e-11
-186.89; 5.83759e-11
-186.781; 5.83759e-11
-186.703; 5.83759e-11
-186.582; 5.83757e-11
-186.501; 5.83753e-11
-186.397; 5.83755e-11
-186.291; 5.83752e-11
-186.197; 5.83751e-11
-186.098; 5.83753e-11
-185.997; 5.83753e-11
-185.901; 5.83752e-11
-185.77; 5.83751e-11
-185.309; 5.83749e-11
-185.274; 5.83749e-11
-185.186; 5.83746e-11
-185.099; 5.83747e-11
-184.996; 5.83744e-11
-184.9; 5.8374e-11
-184.799; 5.83743e-11
-184.697; 5.83738e-11
-184.595; 5.83738e-11
-184.493; 5.83738e-11
-184.389; 5.8374e-11
-184.304; 5.83739e-11
-184.195; 5.83738e-11
-184.094; 5.83739e-11
-184.008; 5.83734e-11
-183.892; 5.83735e-11
-183.804; 5.83734e-11
-183.67; 5.83732e-11
-183.582; 5.83732e-11
-183.505; 5.83735e-11
-183.38; 5.8373e-11
-183.303; 5.83732e-11
-183.178; 5.83731e-11
-183.101; 5.8373e-11
-182.6; 5.8373e-11
-182.568; 5.83729e-11
-182.498; 5.83726e-11
-182.393; 5.83728e-11
-182.298; 5.83726e-11
-182.195; 5.83727e-11
-182.098; 5.8373e-11
-181.997; 5.83728e-11
-181.897; 5.83724e-11
-181.797; 5.83725e-11
-181.69; 5.83723e-11
-181.572; 5.83721e-11
-181.494; 5.83719e-11
-181.385; 5.83721e-11
-181.301; 5.83719e-11
-181.201; 5.83721e-11
-181.094; 5.83721e-11
-181.001; 5.83721e-11
-180.89; 5.83721e-11
-180.803; 5.83721e-11
-180.7; 5.83719e-11
-180.197; 5.83719e-11
-180.165; 5.83719e-11
-180.099; 5.83723e-11
-179.988; 5.83727e-11
-179.9; 5.83729e-11
-179.801; 5.83726e-11
-179.701; 5.83728e-11
-179.561; 5.83727e-11
-179.488; 5.83725e-11
-179.348; 5.83724e-11
-179.305; 5.83724e-11
-179.185; 5.83723e-11
-179.085; 5.83722e-11
-179.001; 5.83723e-11
-178.887; 5.83723e-11
-178.77; 5.83722e-11
-178.684; 5.83721e-11
-178.572; 5.83722e-11
-178.497; 5.83723e-11
-178.394; 5.83725e-11
-178.296; 5.83727e-11
-177.814; 5.83725e-11
-177.814; 5.83725e-11
-177.597; 5.83727e-11
-177.483; 5.83725e-11
-177.4; 5.83723e-11
-177.288; 5.83724e-11
-177.199; 5.83725e-11
-177.098; 5.83725e-11
-176.999; 5.83722e-11
-176.897; 5.83722e-11
-176.797; 5.83722e-11
-176.696; 5.83718e-11
-176.589; 5.83719e-11
-176.501; 5.83722e-11
-176.383; 5.83721e-11
-176.295; 5.8372e-11
-176.183; 5.83719e-11
-176.098; 5.83717e-11
-175.984; 5.83717e-11
-175.897; 5.83716e-11
-175.804; 5.83717e-11
-175.702; 5.83717e-11
-175.583; 5.83716e-11
-175.504; 5.83716e-11
-174.975; 5.83721e-11
-174.939; 5.83716e-11
-174.899; 5.83717e-11
-174.799; 5.83715e-11
-174.7; 5.83718e-11
-174.602; 5.83717e-11
-174.503; 5.83718e-11
-174.403; 5.83718e-11
-174.304; 5.83715e-11
-174.197; 5.83715e-11
-174.101; 5.83712e-11
-174; 5.83716e-11
-173.899; 5.83716e-11
-173.802; 5.83715e-11
-173.699; 5.83715e-11
-173.602; 5.83712e-11
-173.501; 5.83711e-11
-173.396; 5.83713e-11
-173.278; 5.83711e-11
-173.187; 5.83712e-11
-173.091; 5.83712e-11
-172.61; 5.83714e-11
-172.581; 5.83712e-11
-172.49; 5.83708e-11
-172.39; 5.83705e-11
-172.304; 5.83705e-11
-172.194; 5.83705e-11
-172.094; 5.83702e-11
-172.004; 5.83707e-11
-171.899; 5.83709e-11
-171.804; 5.83707e-11
-171.704; 5.83708e-11
-171.591; 5.8371e-11
-171.488; 5.83711e-11
-171.403; 5.83709e-11
-171.301; 5.83709e-11
-171.167; 5.83708e-11
-171.1; 5.83704e-11
-170.998; 5.83703e-11
-170.897; 5.83702e-11
-170.791; 5.837e-11
-170.698; 5.83702e-11
-170.6; 5.83702e-11
-170.496; 5.83698e-11
-170.382; 5.83696e-11
-169.916; 5.83699e-11
-169.88; 5.83699e-11
-169.792; 5.83696e-11
-169.694; 5.83693e-11
-169.595; 5.83693e-11
-169.493; 5.83691e-11
-169.393; 5.83688e-11
-169.293; 5.83686e-11
-169.194; 5.83687e-11
-169.069; 5.83686e-11
-169.003; 5.83685e-11
-168.889; 5.83683e-11
-168.785; 5.83685e-11
-168.706; 5.83685e-11
-168.604; 5.83682e-11
-168.502; 5.83685e-11
-168.4; 5.83685e-11
-168.285; 5.83683e-11
-168.201; 5.83683e-11
-168.1; 5.83686e-11
-167.617; 5.83685e-11
-167.617; 5.83685e-11
-167.401; 5.83689e-11
-167.302; 5.83686e-11
-167.199; 5.83687e-11
-167.098; 5.83684e-11
-166.979; 5.83684e-11
-166.896; 5.83684e-11
-166.786; 5.83683e-11
-166.704; 5.83687e-11
-166.602; 5.83685e-11
-166.504; 5.8368e-11
-166.401; 5.83679e-11
-166.305; 5.83678e-11
-166.201; 5.83678e-11
-166.102; 5.83674e-11
-165.999; 5.83672e-11
-165.903; 5.83669e-11
-165.798; 5.83667e-11
-165.702; 5.83665e-11
-165.601; 5.83664e-11
-165.486; 5.83665e-11
-165.4; 5.83663e-11
-164.891; 5.83665e-11
-164.799; 5.83665e-11
-164.745; 5.83665e-11
-164.611; 5.83663e-11
-164.582; 5.83663e-11
-164.483; 5.83661e-11
-164.381; 5.8366e-11
-164.305; 5.8366e-11
-164.185; 5.83662e-11
-164.104; 5.83659e-11
-163.985; 5.83659e-11
-163.896; 5.83659e-11
-163.805; 5.83658e-11
-163.693; 5.83656e-11
-163.581; 5.83657e-11
-163.491; 5.83655e-11
-163.383; 5.83653e-11
-163.29; 5.83653e-11
-163.183; 5.83655e-11
-163.101; 5.83652e-11
-162.979; 5.83652e-11
-162.899; 5.8365e-11
-162.782; 5.8365e-11
-162.688; 5.83653e-11
-162.219; 5.83653e-11
-162.184; 5.83653e-11
-162.095; 5.83651e-11
-162.002; 5.8365e-11
-161.887; 5.83648e-11
-161.799; 5.83648e-11
-161.7; 5.83644e-11
-161.587; 5.83643e-11
-161.497; 5.83639e-11
-161.398; 5.83642e-11
-161.297; 5.83644e-11
-161.197; 5.83642e-11
-161.084; 5.83647e-11
-160.999; 5.83646e-11
-160.899; 5.83644e-11
-160.772; 5.83645e-11
-160.689; 5.83643e-11
-160.606; 5.83641e-11
-160.495; 5.83644e-11
-160.38; 5.83642e-11
-160.304; 5.83638e-11
-160.182; 5.83635e-11
-160.089; 5.83635e-11
-159.599; 5.83636e-11
-159.569; 5.83636e-11
-159.495; 5.83641e-11
-159.4; 5.8364e-11
-159.3; 5.83642e-11
-159.201; 5.83643e-11
-159.101; 5.83641e-11
-158.992; 5.83643e-11
-158.899; 5.83644e-11
-158.802; 5.83645e-11
-158.681; 5.8364e-11
-158.59; 5.83642e-11
-158.487; 5.83638e-11
-158.389; 5.83636e-11
-158.293; 5.83635e-11
-158.188; 5.83633e-11
-158.097; 5.83629e-11
-157.987; 5.83626e-11
-157.881; 5.83625e-11
-157.783; 5.83625e-11
-157.701; 5.83622e-11
-157.584; 5.8362e-11
-157.493; 5.83623e-11
-157.407; 5.83621e-11
-156.9; 5.83619e-11
-156.866; 5.83619e-11
-156.784; 5.83611e-11
-156.688; 5.83609e-11
-156.583; 5.8361e-11
-156.476; 5.83613e-11
-156.399; 5.83612e-11
-156.287; 5.83611e-11
-156.199; 5.83609e-11
-156.099; 5.83611e-11
-155.974; 5.83612e-11
-155.887; 5.83613e-11
-155.776; 5.83612e-11
-155.695; 5.83614e-11
-155.589; 5.83615e-11
-155.476; 5.83614e-11
-155.386; 5.83611e-11
-155.295; 5.83608e-11
-155.186; 5.83605e-11
-155.095; 5.83606e-11
-154.987; 5.83606e-11
-154.896; 5.83604e-11
-154.805; 5.83605e-11
-154.315; 5.83603e-11
-154.241; 5.83603e-11
-154.176; 5.83605e-11
-154.089; 5.83607e-11
-154.001; 5.83605e-11
-153.889; 5.83603e-11
-153.779; 5.83603e-11
-153.702; 5.83601e-11
-153.574; 5.83598e-11
-153.487; 5.83599e-11
-153.401; 5.83598e-11
-153.299; 5.83597e-11
-153.188; 5.83594e-11
-153.097; 5.83596e-11
-152.988; 5.83596e-11
-152.896; 5.83593e-11
-152.788; 5.83592e-11
-152.7; 5.83592e-11
-152.587; 5.83593e-11
-152.494; 5.83592e-11
-152.029; 5.83593e-11
-151.96; 5.83593e-11
-151.891; 5.83592e-11
-151.785; 5.83594e-11
-151.696; 5.83593e-11
-151.581; 5.8359e-11
-151.502; 5.83589e-11
-151.383; 5.8359e-11
-151.292; 5.83585e-11
-151.18; 5.83585e-11
-151.093; 5.83585e-11
-151; 5.83584e-11
-150.897; 5.83584e-11
-150.803; 5.83586e-11
-150.687; 5.83588e-11
-150.577; 5.83585e-11
-150.5; 5.83583e-11
-150.379; 5.83586e-11
-150.297; 5.83588e-11
-150.189; 5.83586e-11
-150.099; 5.83583e-11
-149.968; 5.83579e-11
-149.894; 5.8358e-11
-149.79; 5.83578e-11
-149.314; 5.83578e-11
-149.282; 5.83579e-11
-149.194; 5.83582e-11
-149.095; 5.83583e-11
-148.997; 5.83581e-11
-148.908; 5.83578e-11
-148.794; 5.83575e-11
-148.693; 5.83578e-11
-148.593; 5.83579e-11
-148.49; 5.83579e-11
-148.396; 5.83579e-11
-148.293; 5.83575e-11
-148.195; 5.83574e-11
-148.091; 5.83575e-11
-147.971; 5.83577e-11
-147.904; 5.83579e-11
-147.778; 5.83577e-11
-147.689; 5.83576e-11
-147.604; 5.83576e-11
-147.488; 5.83573e-11
-147.402; 5.83572e-11
-147.283; 5.83573e-11
-147.187; 5.83571e-11
-147.097; 5.83569e-11
-146.991; 5.8357e-11
-146.511; 5.83566e-11
-146.479; 5.83566e-11
-146.386; 5.8356e-11
-146.293; 5.83559e-11
-146.197; 5.83561e-11
-146.096; 5.83562e-11
-145.997; 5.83562e-11
-145.878; 5.83564e-11
-145.782; 5.83557e-11
-145.694; 5.8356e-11
-145.569; 5.83555e-11
-145.504; 5.83554e-11
-145.383; 5.83558e-11
-145.294; 5.83557e-11
-145.182; 5.83559e-11
-145.095; 5.83559e-11
-145.003; 5.83558e-11
-144.889; 5.83562e-11
-144.8; 5.8356e-11
-144.701; 5.83562e-11
-144.583; 5.83562e-11
-144.491; 5.83563e-11
-144.397; 5.8356e-11
-143.9; 5.83557e-11
-143.83; 5.83556e-11
-143.801; 5.8355e-11
-143.682; 5.83554e-11
-143.59; 5.83556e-11
-143.495; 5.83556e-11
-143.384; 5.83556e-11
-143.295; 5.83558e-11
-143.184; 5.83557e-11
-143.096; 5.83554e-11
-142.986; 5.83558e-11
-142.894; 5.83554e-11
-142.784; 5.83554e-11
-142.703; 5.83548e-11
-142.583; 5.83545e-11
-142.493; 5.83538e-11
-142.394; 5.83537e-11
-142.3; 5.83533e-11
-142.203; 5.83532e-11
-142.094; 5.83536e-11
-141.622; 5.83535e-11
-141.622; 5.83535e-11
-141.393; 5.83541e-11
-141.29; 5.83542e-11
-141.2; 5.83545e-11
-141.088; 5.83543e-11
-141.002; 5.83542e-11
-140.884; 5.83543e-11
-140.794; 5.83541e-11
-140.7; 5.83539e-11
-140.593; 5.8354e-11
-140.498; 5.83544e-11
-140.369; 5.83543e-11
-140.287; 5.83554e-11
-140.18; 5.83518e-11
-140.103; 5.83491e-11
-139.986; 5.83458e-11
-139.883; 5.83448e-11
-139.883; 5.83448e-11
-139.291; 5.83356e-11
-139.193; 5.83322e-11
-138.71; 5.83107e-11
-138.68; 5.83107e-11
-138.584; 5.82732e-11
-138.49; 5.82634e-11
-138.404; 5.82724e-11
-138.28; 5.82608e-11
-138.199; 5.82647e-11
-138.1; 5.82604e-11
-137.997; 5.82474e-11
-137.901; 5.82352e-11
-137.8; 5.82288e-11
-137.685; 5.82304e-11
-137.596; 5.82376e-11
-137.495; 5.82334e-11
-137.379; 5.82316e-11
-137.284; 5.82385e-11
-137.187; 5.8224e-11
-137.097; 5.81952e-11
-136.985; 5.82021e-11
-136.896; 5.8204e-11
-136.805; 5.81976e-11
-136.692; 5.81905e-11
-136.583; 5.81785e-11
-136.504; 5.81848e-11
-136.382; 5.81805e-11
-135.911; 5.81841e-11
-135.879; 5.81903e-11
-135.787; 5.81528e-11
-135.704; 5.81357e-11
-135.589; 5.81439e-11
-135.498; 5.8153e-11
-135.37; 5.81608e-11
-135.298; 5.81584e-11
-135.192; 5.81488e-11
-135.1; 5.81603e-11
-134.987; 5.81676e-11
-134.901; 5.8162e-11
-134.787; 5.81658e-11
-134.699; 5.81724e-11
-134.59; 5.81673e-11
-134.497; 5.81539e-11
-134.387; 5.81631e-11
-134.295; 5.81619e-11
-133.817; 5.81664e-11
-133.786; 5.81656e-11
-133.69; 5.82198e-11
-133.592; 5.82316e-11
-133.494; 5.82288e-11
-133.394; 5.82292e-11
-133.274; 5.82234e-11
-133.205; 5.82304e-11
-133.093; 5.8225e-11
-132.984; 5.82201e-11
-132.905; 5.82118e-11
-132.782; 5.82078e-11
-132.7; 5.8207e-11
-132.582; 5.8212e-11
-132.491; 5.82249e-11
-132.4; 5.82269e-11
-132.297; 5.82356e-11
-132.195; 5.82337e-11
-132.099; 5.82395e-11
-131.979; 5.82515e-11
-131.897; 5.82583e-11
-131.792; 5.82583e-11
-131.696; 5.82482e-11
-131.588; 5.82353e-11
-131.499; 5.82304e-11
-130.998; 5.82322e-11
-130.935; 5.82299e-11
-130.9; 5.82442e-11
-130.785; 5.82321e-11
-130.693; 5.82456e-11
-130.599; 5.82348e-11
-130.505; 5.82374e-11
-130.402; 5.82384e-11
-130.29; 5.82254e-11
-130.205; 5.82299e-11
-130.093; 5.82217e-11
-129.988; 5.82418e-11
-129.901; 5.82397e-11
-129.801; 5.82387e-11
-129.703; 5.82368e-11
-129.58; 5.82209e-11
-129.502; 5.82302e-11
-129.401; 5.82297e-11
-129.299; 5.82264e-11
-129.187; 5.82309e-11
-129.099; 5.82452e-11
-128.985; 5.82531e-11
-128.88; 5.82632e-11
-128.79; 5.82632e-11
-128.321; 5.82404e-11
-128.293; 5.82404e-11
-128.186; 5.82391e-11
-128.096; 5.82441e-11
-128; 5.82716e-11
-127.898; 5.82849e-11
-127.804; 5.82768e-11
-127.695; 5.82744e-11
-127.593; 5.82651e-11
-127.504; 5.82639e-11
-127.391; 5.82519e-11
-127.293; 5.82335e-11
-127.206; 5.82402e-11
-127.088; 5.82621e-11
-127.002; 5.82484e-11
-126.87; 5.82338e-11
-126.802; 5.82227e-11
-126.702; 5.82303e-11
-126.603; 5.82449e-11
-126.5; 5.82331e-11
-126.401; 5.82365e-11
-126.302; 5.82546e-11
-126.189; 5.82439e-11
-126.098; 5.82441e-11
-125.608; 5.82379e-11
-125.579; 5.82425e-11
-125.494; 5.82611e-11
-125.395; 5.82594e-11
-125.297; 5.82485e-11
-125.196; 5.82541e-11
-125.097; 5.82549e-11
-124.998; 5.82415e-11
-124.899; 5.82439e-11
-124.786; 5.82329e-11
-124.7; 5.82431e-11
-124.603; 5.82389e-11
-124.504; 5.82484e-11
-124.381; 5.82486e-11
-124.294; 5.8248e-11
-124.205; 5.82353e-11
-124.103; 5.82216e-11
-124.003; 5.82206e-11
-123.89; 5.81964e-11
-123.803; 5.81776e-11
-123.331; 5.81459e-11
-123.304; 5.81441e-11
-123.276; 5.81473e-11
-123.198; 5.80972e-11
-123.097; 5.81089e-11
-122.999; 5.81194e-11
-122.897; 5.81308e-11
-122.802; 5.8138e-11
-122.681; 5.81402e-11
-122.59; 5.81306e-11
-122.493; 5.81201e-11
-122.387; 5.81216e-11
-122.288; 5.81215e-11
-122.188; 5.81164e-11
-122.095; 5.80956e-11
-121.987; 5.80769e-11
-121.893; 5.80716e-11
-121.786; 5.80671e-11
-121.706; 5.80807e-11
-121.584; 5.80896e-11
-121.502; 5.80852e-11
-121.382; 5.80893e-11
-121.284; 5.80838e-11
-121.202; 5.80665e-11
-121.102; 5.80797e-11
-120.626; 5.80529e-11
-120.562; 5.80551e-11
-120.495; 5.80288e-11
-120.398; 5.80276e-11
-120.301; 5.80203e-11
-120.199; 5.80122e-11
-120.098; 5.8021e-11
-120.001; 5.80004e-11
-119.898; 5.80225e-11
-119.789; 5.80095e-11
-119.7; 5.801e-11
-119.59; 5.80072e-11
-119.493; 5.80082e-11
-119.386; 5.79821e-11
-119.298; 5.79881e-11
-119.187; 5.79776e-11
-119.097; 5.79953e-11
-118.986; 5.80069e-11
-118.905; 5.8022e-11
-118.805; 5.80457e-11
-118.677; 5.80614e-11
-118.604; 5.80517e-11
-118.49; 5.80572e-11
-118.402; 5.80731e-11
-118.304; 5.80668e-11
-118.203; 5.80648e-11
-117.716; 5.80447e-11
-117.689; 5.80368e-11
-117.587; 5.80279e-11
-117.503; 5.80302e-11
-117.403; 5.80387e-11
-117.3; 5.80471e-11
-117.201; 5.80382e-11
-117.1; 5.80285e-11
-117.001; 5.80112e-11
-116.901; 5.80151e-11
-116.8; 5.80308e-11
-116.702; 5.80384e-11
-116.607; 5.80409e-11
-116.474; 5.80296e-11
-116.387; 5.80337e-11
-116.294; 5.80248e-11
-116.185; 5.80278e-11
-116.098; 5.80287e-11
-116.006; 5.80427e-11
-115.534; 5.80445e-11
-115.505; 5.80333e-11
-115.475; 5.8023e-11
-115.402; 5.80363e-11
-115.304; 5.80385e-11
-115.193; 5.80556e-11
-115.108; 5.80205e-11
-115.004; 5.80261e-11
-114.902; 5.80271e-11
-114.801; 5.80414e-11
-114.703; 5.80419e-11
-114.604; 5.80462e-11
-114.501; 5.80586e-11
-114.384; 5.80596e-11
-114.297; 5.80583e-11
-114.187; 5.80445e-11
-114.096; 5.80596e-11
-113.988; 5.80443e-11
-113.898; 5.80587e-11
-113.788; 5.80703e-11
-113.698; 5.80668e-11
-113.587; 5.80377e-11
-113.496; 5.80488e-11
-113.407; 5.8067e-11
-113.295; 5.80635e-11
-113.187; 5.80717e-11
-113.097; 5.80631e-11
-112.603; 5.80551e-11
-112.575; 5.80599e-11
-112.5; 5.80217e-11
-112.373; 5.801e-11
-112.303; 5.80075e-11
-112.206; 5.80067e-11
-112.086; 5.80198e-11
-112.004; 5.80125e-11
-111.887; 5.79996e-11
-111.801; 5.79987e-11
-111.703; 5.80086e-11
-111.603; 5.80074e-11
-111.503; 5.80204e-11
-111.402; 5.80213e-11
-111.297; 5.80235e-11
-111.19; 5.80218e-11
-111.097; 5.8021e-11
-110.989; 5.80487e-11
-110.9; 5.80324e-11
-110.792; 5.80445e-11
-110.324; 5.80557e-11
-110.265; 5.80558e-11
-110.18; 5.80783e-11
-110.109; 5.80773e-11
-110.005; 5.80803e-11
-109.905; 5.80811e-11
-109.787; 5.8094e-11
-109.707; 5.81019e-11
-109.582; 5.81055e-11
-109.506; 5.80975e-11
-109.382; 5.8123e-11
-109.302; 5.8126e-11
-109.206; 5.81464e-11
-109.104; 5.81276e-11
-109; 5.81175e-11
-108.889; 5.81198e-11
-108.778; 5.80943e-11
-108.702; 5.80868e-11
-108.578; 5.80939e-11
-108.498; 5.81035e-11
-108.399; 5.80867e-11
-108.281; 5.81058e-11
-108.179; 5.81073e-11
-108.098; 5.81275e-11
-107.62; 5.81112e-11
-107.588; 5.81179e-11
-107.479; 5.80943e-11
-107.399; 5.8095e-11
-107.298; 5.80993e-11
-107.198; 5.81195e-11
-107.098; 5.81296e-11
-106.996; 5.81582e-11
-106.894; 5.81842e-11
-106.794; 5.81802e-11
-106.681; 5.81799e-11
-106.597; 5.81792e-11
-106.506; 5.81863e-11
-106.396; 5.8177e-11
-106.291; 5.81692e-11
-106.174; 5.81766e-11
-106.103; 5.8173e-11
-105.997; 5.81647e-11
-105.889; 5.81707e-11
-105.802; 5.81603e-11
-105.692; 5.81381e-11
-105.581; 5.81316e-11
-105.485; 5.81372e-11
-105.399; 5.81466e-11
-105.3; 5.81416e-11
-104.801; 5.81245e-11
-104.773; 5.81214e-11
-104.679; 5.81298e-11
-104.6; 5.81366e-11
-104.507; 5.81288e-11
-104.396; 5.81225e-11
-104.297; 5.81303e-11
-104.17; 5.81421e-11
-104.107; 5.81448e-11
-104.006; 5.81705e-11
-103.891; 5.81701e-11
-103.782; 5.81669e-11
-103.702; 5.81925e-11
-103.58; 5.82102e-11
-103.491; 5.82014e-11
-103.402; 5.81926e-11
-103.29; 5.8189e-11
-103.202; 5.8209e-11
-103.1; 5.82074e-11
-102.613; 5.82132e-11
-102.584; 5.82134e-11
-102.482; 5.82085e-11
-102.404; 5.82083e-11
-102.283; 5.82178e-11
-102.154; 5.82166e-11
-102.1; 5.82246e-11
-101.988; 5.82248e-11
-101.893; 5.82281e-11
-101.789; 5.82296e-11
-101.693; 5.82288e-11
-101.582; 5.82127e-11
-101.491; 5.81995e-11
-101.384; 5.82016e-11
-101.296; 5.81925e-11
-101.183; 5.82043e-11
-101.092; 5.81857e-11
-101.009; 5.81852e-11
-100.897; 5.81982e-11
-100.805; 5.81825e-11
-100.687; 5.8191e-11
-100.58; 5.8208e-11
-100.504; 5.8212e-11
-100.003; 5.82067e-11
-99.928; 5.82067e-11
-99.901; 5.82269e-11
-99.775; 5.82288e-11
-99.702; 5.82091e-11
-99.602; 5.8215e-11
-99.487; 5.82466e-11
-99.387; 5.82463e-11
-99.296; 5.82473e-11
-99.184; 5.8216e-11
-99.098; 5.82186e-11
-98.989; 5.82292e-11
-98.897; 5.821e-11
-98.788; 5.81978e-11
-98.682; 5.81934e-11
-98.587; 5.81761e-11
-98.493; 5.81717e-11
-98.389; 5.81803e-11
-98.307; 5.81723e-11
-98.179; 5.81825e-11
-98.097; 5.81922e-11
-97.985; 5.82119e-11
-97.876; 5.81972e-11
-97.805; 5.82051e-11
-97.691; 5.82181e-11
-97.199; 5.82127e-11
-97.166; 5.82149e-11
-97.081; 5.82276e-11
-97.005; 5.82148e-11
-96.891; 5.82114e-11
-96.789; 5.82299e-11
-96.688; 5.82157e-11
-96.588; 5.82176e-11
-96.504; 5.82297e-11
-96.389; 5.82168e-11
-96.304; 5.82085e-11
-96.18; 5.82212e-11
-96.103; 5.82125e-11
-95.991; 5.82102e-11
-95.901; 5.82236e-11
-95.773; 5.82227e-11
-95.693; 5.82363e-11
-95.588; 5.82255e-11
-95.496; 5.82295e-11
-95.383; 5.82208e-11
-95.295; 5.81978e-11
-95.207; 5.81997e-11
-95.096; 5.8202e-11
-95.003; 5.81972e-11
-94.509; 5.819e-11
-94.477; 5.81931e-11
-94.403; 5.82112e-11
-94.291; 5.82006e-11
-94.194; 5.82129e-11
-94.102; 5.82112e-11
-93.995; 5.8193e-11
-93.904; 5.81808e-11
-93.771; 5.81915e-11
-93.691; 5.8179e-11
-93.599; 5.81877e-11
-93.491; 5.81963e-11
-93.399; 5.82015e-11
-93.289; 5.82177e-11
-93.184; 5.82046e-11
-93.099; 5.81942e-11
-92.984; 5.81878e-11
-92.904; 5.81882e-11
-92.789; 5.81884e-11
-92.699; 5.82132e-11
-92.586; 5.82119e-11
-92.494; 5.82282e-11
-92.386; 5.82249e-11
-92.293; 5.82197e-11
-92.185; 5.82194e-11
-91.719; 5.8193e-11
-91.664; 5.81937e-11
-91.598; 5.82049e-11
-91.492; 5.8217e-11
-91.405; 5.8221e-11
-91.29; 5.82077e-11
-91.182; 5.81988e-11
-91.098; 5.82208e-11
-90.978; 5.82165e-11
-90.899; 5.82208e-11
-90.776; 5.82609e-11
-90.689; 5.82482e-11
-90.599; 5.82325e-11
-90.49; 5.82193e-11
-90.391; 5.81909e-11
-90.299; 5.81859e-11
-90.191; 5.81832e-11
-90.097; 5.81939e-11
-90; 5.81843e-11
-89.498; 5.81799e-11
-89.422; 5.81823e-11
-89.395; 5.81696e-11
-89.286; 5.81667e-11
-89.185; 5.81832e-11
-89.093; 5.81785e-11
-88.983; 5.81587e-11
-88.886; 5.81666e-11
-88.782; 5.8175e-11
-88.705; 5.81673e-11
-88.58; 5.81805e-11
-88.493; 5.81947e-11
-88.403; 5.81913e-11
-88.293; 5.81809e-11
-88.182; 5.81597e-11
-88.105; 5.81679e-11
-87.979; 5.81541e-11
-87.9; 5.81491e-11
-87.8; 5.81451e-11
-87.684; 5.81375e-11
-87.599; 5.81354e-11
-87.485; 5.81363e-11
-87.378; 5.81245e-11
-87.295; 5.81587e-11
-87.19; 5.8158e-11
-86.704; 5.81537e-11
-86.674; 5.81377e-11
-86.592; 5.81272e-11
-86.493; 5.81137e-11
-86.396; 5.81111e-11
-86.292; 5.81213e-11
-86.196; 5.81177e-11
-86.101; 5.81476e-11
-85.997; 5.81649e-11
-85.894; 5.81684e-11
-85.794; 5.815e-11
-85.691; 5.81547e-11
-85.593; 5.81549e-11
-85.493; 5.816e-11
-85.374; 5.81642e-11
-85.303; 5.8176e-11
-85.184; 5.81877e-11
-85.098; 5.81689e-11
-85.005; 5.81692e-11
-84.89; 5.81432e-11
-84.804; 5.81352e-11
-84.689; 5.81352e-11
-84.58; 5.81489e-11
-84.501; 5.81456e-11
-84.002; 5.81479e-11
-83.975; 5.81494e-11
-83.897; 5.81562e-11
-83.79; 5.815e-11
-83.7; 5.81445e-11
-83.599; 5.81348e-11
-83.497; 5.81319e-11
-83.4; 5.81371e-11
-83.279; 5.81293e-11
-83.185; 5.8132e-11
-83.096; 5.81457e-11
-83; 5.81414e-11
-82.89; 5.81211e-11
-82.783; 5.81183e-11
-82.701; 5.81212e-11
-82.581; 5.813e-11
-82.503; 5.81305e-11
-82.382; 5.81434e-11
-82.301; 5.81475e-11
-82.201; 5.81493e-11
-82.079; 5.8172e-11
-81.629; 5.81474e-11
-81.598; 5.81452e-11
-81.492; 5.81342e-11
-81.401; 5.81359e-11
-81.299; 5.8144e-11
-81.178; 5.81409e-11
-81.099; 5.81216e-11
-80.986; 5.81278e-11
-80.895; 5.81373e-11
-80.789; 5.81053e-11
-80.694; 5.80962e-11
-80.585; 5.80915e-11
-80.495; 5.81056e-11
-80.408; 5.81285e-11
-80.294; 5.81361e-11
-80.206; 5.81463e-11
-80.092; 5.81143e-11
-79.985; 5.81195e-11
-79.902; 5.81117e-11
-79.782; 5.80918e-11
-79.69; 5.80904e-11
-79.605; 5.80809e-11
-79.493; 5.80765e-11
-79.406; 5.80621e-11
-79.292; 5.80704e-11
-79.157; 5.80675e-11
-78.706; 5.8054e-11
-78.676; 5.80533e-11
-78.594; 5.81126e-11
-78.501; 5.81156e-11
-78.399; 5.81278e-11
-78.3; 5.81455e-11
-78.198; 5.81674e-11
-78.1; 5.81495e-11
-77.996; 5.81601e-11
-77.9; 5.81816e-11
-77.8; 5.81846e-11
-77.699; 5.81891e-11
-77.596; 5.81821e-11
-77.506; 5.81851e-11
-77.397; 5.82018e-11
-77.293; 5.81909e-11
-77.197; 5.81816e-11
-77.074; 5.81826e-11
-77.007; 5.81881e-11
-76.906; 5.81848e-11
-76.428; 5.81762e-11
-76.4; 5.81816e-11
-76.297; 5.81939e-11
-76.182; 5.81689e-11
-76.1; 5.81731e-11
-76.003; 5.81773e-11
-75.902; 5.81629e-11
-75.802; 5.81852e-11
-75.703; 5.81996e-11
-75.602; 5.82066e-11
-75.501; 5.82066e-11
-75.398; 5.82169e-11
-75.299; 5.822e-11
-75.199; 5.82233e-11
-75.097; 5.82098e-11
-74.979; 5.82167e-11
-74.9; 5.8247e-11
-74.79; 5.82668e-11
-74.7; 5.82432e-11
-74.586; 5.824e-11
-74.496; 5.82326e-11
-74.387; 5.82176e-11
-74.296; 5.82179e-11
-74.207; 5.82233e-11
-74.096; 5.82074e-11
-74.005; 5.82081e-11
-73.515; 5.819e-11
-73.484; 5.819e-11
-73.401; 5.81873e-11
-73.292; 5.81824e-11
-73.202; 5.81706e-11
-73.102; 5.81571e-11
-72.966; 5.81523e-11
-72.904; 5.81581e-11
-72.78; 5.81725e-11
-72.699; 5.81707e-11
-72.578; 5.81534e-11
-72.503; 5.81533e-11
-72.4; 5.81566e-11
-72.301; 5.81327e-11
-72.188; 5.81294e-11
-72.101; 5.81334e-11
-72.003; 5.81431e-11
-71.898; 5.81586e-11
-71.788; 5.81663e-11
-71.694; 5.81678e-11
-71.22; 5.81695e-11
-71.187; 5.81739e-11
-71.09; 5.81854e-11
-71.005; 5.81715e-11
-70.871; 5.81828e-11
-70.802; 5.81725e-11
-70.703; 5.819e-11
-70.599; 5.8192e-11
-70.504; 5.81789e-11
-70.384; 5.81696e-11
-70.305; 5.81641e-11
-70.181; 5.81577e-11
-70.098; 5.81671e-11
-70.004; 5.81539e-11
-69.9; 5.81772e-11
-69.801; 5.82243e-11
-69.701; 5.82244e-11
-69.597; 5.82299e-11
-69.501; 5.82161e-11
-69.388; 5.82094e-11
-68.928; 5.82113e-11
-68.899; 5.82114e-11
-68.778; 5.81858e-11
-68.705; 5.81884e-11
-68.585; 5.82015e-11
-68.505; 5.81865e-11
-68.384; 5.81788e-11
-68.296; 5.81706e-11
-68.205; 5.81584e-11
-68.094; 5.81645e-11
-67.987; 5.81577e-11
-67.907; 5.81405e-11
-67.793; 5.81332e-11
-67.692; 5.81382e-11
-67.606; 5.8141e-11
-67.491; 5.815e-11
-67.401; 5.81473e-11
-67.293; 5.81355e-11
-67.205; 5.81424e-11
-67.104; 5.81351e-11
-66.992; 5.81268e-11
-66.903; 5.81441e-11
-66.801; 5.81577e-11
-66.684; 5.81626e-11
-66.601; 5.8164e-11
-66.097; 5.81855e-11
-66.066; 5.81919e-11
-65.993; 5.81874e-11
-65.9; 5.81755e-11
-65.8; 5.81538e-11
-65.698; 5.81402e-11
-65.595; 5.81345e-11
-65.497; 5.81388e-11
-65.406; 5.81247e-11
-65.308; 5.81157e-11
-65.198; 5.81265e-11
-65.098; 5.81427e-11
-64.995; 5.8139e-11
-64.904; 5.81573e-11
-64.806; 5.81588e-11
-64.678; 5.81712e-11
-64.603; 5.818e-11
-64.49; 5.81727e-11
-64.396; 5.81816e-11
-64.304; 5.81594e-11
-64.202; 5.81439e-11
-63.715; 5.81664e-11
-63.687; 5.81685e-11
-63.596; 5.81761e-11
-63.503; 5.81735e-11
-63.398; 5.81785e-11
-63.299; 5.81925e-11
-63.2; 5.81863e-11
-63.098; 5.81972e-11
-63; 5.81836e-11
-62.897; 5.81777e-11
-62.799; 5.81872e-11
-62.698; 5.81896e-11
-62.575; 5.81908e-11
-62.507; 5.81921e-11
-62.387; 5.81621e-11
-62.306; 5.81915e-11
-62.186; 5.81894e-11
-62.085; 5.81843e-11
-62.005; 5.81879e-11
-61.903; 5.8187e-11
-61.805; 5.81724e-11
-61.704; 5.81746e-11
-61.607; 5.81828e-11
-61.503; 5.8198e-11
-61.403; 5.82139e-11
-60.914; 5.82057e-11
-60.886; 5.82062e-11
-60.799; 5.81962e-11
-60.704; 5.81858e-11
-60.604; 5.81884e-11
-60.469; 5.818e-11
-60.4; 5.81912e-11
-60.302; 5.81914e-11
-60.188; 5.81863e-11
-60.096; 5.81931e-11
-59.988; 5.82176e-11
-59.908; 5.81949e-11
-59.784; 5.81538e-11
-59.704; 5.81546e-11
-59.583; 5.81567e-11
-59.507; 5.81722e-11
-59.384; 5.81867e-11
-59.305; 5.81844e-11
-59.184; 5.81962e-11
-59.107; 5.82027e-11
-58.632; 5.82159e-11
-58.632; 5.82159e-11
-58.386; 5.8192e-11
-58.304; 5.82031e-11
-58.201; 5.82048e-11
-58.101; 5.82141e-11
-58.001; 5.82247e-11
-57.908; 5.82259e-11
-57.798; 5.8226e-11
-57.701; 5.82006e-11
-57.597; 5.82036e-11
-57.5; 5.82028e-11
-57.407; 5.8182e-11
-57.282; 5.81961e-11
-57.185; 5.81975e-11
-57.096; 5.81999e-11
-57.009; 5.81954e-11
-56.907; 5.81932e-11
-56.808; 5.81806e-11
-56.706; 5.81816e-11
-56.608; 5.81673e-11
-56.5; 5.81625e-11
-56.406; 5.81746e-11
-56.282; 5.81757e-11
-56.203; 5.81615e-11
-55.712; 5.81488e-11
-55.681; 5.81514e-11
-55.599; 5.81303e-11
-55.502; 5.81261e-11
-55.402; 5.81213e-11
-55.305; 5.81509e-11
-55.206; 5.81366e-11
-55.103; 5.81296e-11
-55.002; 5.81291e-11
-54.904; 5.81199e-11
-54.802; 5.81047e-11
-54.703; 5.81086e-11
-54.602; 5.81041e-11
-54.501; 5.80897e-11
-54.397; 5.8085e-11
-54.299; 5.80751e-11
-54.175; 5.80791e-11
-54.096; 5.80718e-11
-53.988; 5.80584e-11
-53.9; 5.80714e-11
-53.789; 5.80763e-11
-53.699; 5.81046e-11
-53.606; 5.81047e-11
-53.509; 5.81049e-11
-53.004; 5.80948e-11
-52.973; 5.80964e-11
-52.903; 5.81467e-11
-52.792; 5.81507e-11
-52.705; 5.81387e-11
-52.593; 5.81668e-11
-52.494; 5.81683e-11
-52.403; 5.81753e-11
-52.303; 5.81741e-11
-52.178; 5.81901e-11
-52.101; 5.82009e-11
-51.978; 5.8193e-11
-51.888; 5.81986e-11
-51.798; 5.82054e-11
-51.684; 5.81916e-11
-51.601; 5.81765e-11
-51.481; 5.81593e-11
-51.387; 5.81588e-11
-51.297; 5.8158e-11
-51.187; 5.81639e-11
-51.096; 5.81836e-11
-50.985; 5.82006e-11
-50.898; 5.82291e-11
-50.787; 5.82149e-11
-50.695; 5.82092e-11
-50.225; 5.82006e-11
-50.156; 5.82046e-11
-50.101; 5.82353e-11
-49.985; 5.82367e-11
-49.893; 5.8238e-11
-49.781; 5.82549e-11
-49.687; 5.82886e-11
-49.603; 5.82758e-11
-49.506; 5.82795e-11
-49.381; 5.82678e-11
-49.305; 5.82653e-11
-49.178; 5.82542e-11
-49.101; 5.82533e-11
-49; 5.826e-11
-48.888; 5.82586e-11
-48.799; 5.82455e-11
-48.701; 5.82415e-11
-48.598; 5.82651e-11
-48.5; 5.82541e-11
-48.406; 5.82525e-11
-47.913; 5.82376e-11
-47.849; 5.82349e-11
-47.783; 5.82284e-11
-47.684; 5.82544e-11
-47.585; 5.82565e-11
-47.506; 5.82716e-11
-47.38; 5.82729e-11
-47.294; 5.82652e-11
-47.205; 5.82579e-11
-47.096; 5.82496e-11
-46.984; 5.82352e-11
-46.905; 5.82407e-11
-46.783; 5.82418e-11
-46.702; 5.82394e-11
-46.581; 5.8233e-11
-46.504; 5.82187e-11
-46.402; 5.81964e-11
-46.294; 5.8209e-11
-46.204; 5.82174e-11
-46.089; 5.82119e-11
-46; 5.8238e-11
-45.902; 5.82344e-11
-45.759; 5.82301e-11
-45.697; 5.82306e-11
-45.211; 5.82142e-11
-45.183; 5.82215e-11
-45.093; 5.82264e-11
-44.998; 5.82306e-11
-44.898; 5.82265e-11
-44.791; 5.82314e-11
-44.697; 5.82167e-11
-44.596; 5.82139e-11
-44.485; 5.82284e-11
-44.397; 5.82322e-11
-44.296; 5.82358e-11
-44.196; 5.82522e-11
-44.094; 5.82456e-11
-44.006; 5.82474e-11
-43.893; 5.82397e-11
-43.803; 5.8247e-11
-43.69; 5.82325e-11
-43.58; 5.82302e-11
-43.504; 5.82153e-11
-43.372; 5.82251e-11
-43.299; 5.82369e-11
-43.198; 5.82379e-11
-43.093; 5.82145e-11
-43.001; 5.82007e-11
-42.885; 5.82045e-11
-42.414; 5.81864e-11
-42.385; 5.81826e-11
-42.28; 5.81145e-11
-42.199; 5.81127e-11
-42.101; 5.81068e-11
-41.997; 5.81059e-11
-41.899; 5.80935e-11
-41.799; 5.80951e-11
-41.68; 5.81087e-11
-41.584; 5.81328e-11
-41.507; 5.81424e-11
-41.384; 5.81397e-11
-41.307; 5.81425e-11
-41.183; 5.81256e-11
-41.094; 5.81155e-11
-41.001; 5.80922e-11
-40.889; 5.8074e-11
-40.804; 5.80865e-11
-40.305; 5.81112e-11
-40.275; 5.81117e-11
-40.196; 5.81177e-11
-40.091; 5.81074e-11
-40.002; 5.80981e-11
-39.901; 5.81012e-11
-39.789; 5.81019e-11
-39.701; 5.80778e-11
-39.582; 5.80824e-11
-39.497; 5.80797e-11
-39.388; 5.80849e-11
-39.295; 5.80889e-11
-39.187; 5.80827e-11
-39.108; 5.80837e-11
-38.987; 5.8074e-11
-38.907; 5.80749e-11
-38.785; 5.8061e-11
-38.693; 5.80789e-11
-38.608; 5.80752e-11
-38.495; 5.80495e-11
-38.407; 5.80497e-11
-38.294; 5.80521e-11
-38.204; 5.80486e-11
-38.091; 5.80334e-11
-37.987; 5.80346e-11
-37.891; 5.8031e-11
-37.806; 5.80457e-11
-37.317; 5.80293e-11
-37.254; 5.80274e-11
-37.175; 5.80252e-11
-37.085; 5.80392e-11
-37.005; 5.8043e-11
-36.888; 5.80417e-11
-36.801; 5.80571e-11
-36.701; 5.80455e-11
-36.597; 5.80512e-11
-36.497; 5.80537e-11
-36.39; 5.80736e-11
-36.295; 5.80574e-11
-36.185; 5.8057e-11
-36.096; 5.80834e-11
-35.998; 5.80641e-11
-35.897; 5.80884e-11
-35.796; 5.80803e-11
-35.698; 5.80676e-11
-35.609; 5.80832e-11
-35.111; 5.80886e-11
-35.044; 5.80822e-11
-35.004; 5.80614e-11
-34.893; 5.80466e-11
-34.791; 5.80419e-11
-34.697; 5.80371e-11
-34.602; 5.80475e-11
-34.503; 5.80574e-11
-34.38; 5.80518e-11
-34.302; 5.80491e-11
-34.188; 5.80336e-11
-34.098; 5.80498e-11
-33.987; 5.80438e-11
-33.892; 5.80354e-11
-33.788; 5.80204e-11
-33.706; 5.8024e-11
-33.589; 5.80251e-11
-33.497; 5.80281e-11
-33.386; 5.80135e-11
-33.298; 5.80023e-11
-33.208; 5.79965e-11
-33.095; 5.80153e-11
-32.972; 5.80234e-11
-32.904; 5.80178e-11
-32.405; 5.80342e-11
-32.405; 5.80342e-11
-32.197; 5.80376e-11
-32.095; 5.80379e-11
-31.994; 5.80497e-11
-31.904; 5.80312e-11
-31.795; 5.80247e-11
-31.691; 5.80175e-11
-31.605; 5.80107e-11
-31.492; 5.79859e-11
-31.402; 5.80032e-11
-31.29; 5.80068e-11
-31.202; 5.80171e-11
-31.103; 5.8007e-11
-30.965; 5.80147e-11
-30.9; 5.80302e-11
-30.79; 5.80076e-11
-30.7; 5.79927e-11
-30.602; 5.80047e-11
-30.482; 5.80001e-11
-30.387; 5.80058e-11
-30.295; 5.79992e-11
-30.187; 5.79979e-11
-29.715; 5.80082e-11
-29.684; 5.80124e-11
-29.586; 5.79949e-11
-29.498; 5.79844e-11
-29.395; 5.79999e-11
-29.297; 5.79949e-11
-29.196; 5.80154e-11
-29.094; 5.80219e-11
-28.997; 5.8019e-11
-28.881; 5.80145e-11
-28.781; 5.80223e-11
-28.69; 5.80208e-11
-28.604; 5.80032e-11
-28.487; 5.80249e-11
-28.404; 5.80203e-11
-28.288; 5.80314e-11
-28.192; 5.80459e-11
-28.1; 5.80585e-11
-27.99; 5.80647e-11
-27.901; 5.80372e-11
-27.801; 5.8032e-11
-27.685; 5.80288e-11
-27.603; 5.80236e-11
-27.484; 5.80325e-11
-27.39; 5.8014e-11
-26.916; 5.79925e-11
-26.858; 5.79955e-11
-26.782; 5.80079e-11
-26.695; 5.80213e-11
-26.584; 5.8019e-11
-26.505; 5.80173e-11
-26.387; 5.80097e-11
-26.291; 5.80158e-11
-26.209; 5.80305e-11
-26.092; 5.8021e-11
-26.001; 5.80257e-11
-25.908; 5.79995e-11
-25.785; 5.79983e-11
-25.701; 5.79963e-11
-25.584; 5.80053e-11
-25.492; 5.79944e-11
-25.403; 5.80075e-11
-25.29; 5.80203e-11
-24.828; 5.80201e-11
-24.758; 5.80188e-11
-24.681; 5.80133e-11
-24.599; 5.8017e-11
-24.497; 5.80071e-11
-24.388; 5.80066e-11
-24.296; 5.80222e-11
-24.185; 5.80212e-11
-24.099; 5.80172e-11
-23.985; 5.80151e-11
-23.898; 5.80171e-11
-23.786; 5.80406e-11
-23.692; 5.80236e-11
-23.587; 5.80222e-11
-23.505; 5.80188e-11
-23.38; 5.80434e-11
-23.304; 5.80545e-11
-23.185; 5.80632e-11
-23.094; 5.80577e-11
-23.002; 5.80583e-11
-22.89; 5.80625e-11
-22.778; 5.80482e-11
-22.703; 5.80532e-11
-22.205; 5.80832e-11
-22.175; 5.80834e-11
-22.082; 5.80777e-11
-22.082; 5.80777e-11
-21.701; 5.81084e-11
-21.599; 5.81074e-11
-21.499; 5.81176e-11
-21.399; 5.81088e-11
-21.298; 5.81062e-11
-21.201; 5.80965e-11
-21.098; 5.81121e-11
-20.998; 5.81091e-11
-20.898; 5.81067e-11
-20.773; 5.81124e-11
-20.701; 5.8104e-11
-20.606; 5.80931e-11
-20.492; 5.80811e-11
-20.385; 5.80822e-11
-20.293; 5.80756e-11
-20.2; 5.80865e-11
-20.102; 5.80744e-11
-20.002; 5.80873e-11
-19.901; 5.80811e-11
-19.411; 5.80888e-11
-19.382; 5.80888e-11
-19.3; 5.8087e-11
-19.193; 5.80742e-11
-19.1; 5.80695e-11
-19.003; 5.80735e-11
-18.889; 5.80775e-11
-18.802; 5.80787e-11
-18.669; 5.80869e-11
-18.588; 5.8098e-11
-18.499; 5.80965e-11
-18.407; 5.81003e-11
-18.297; 5.80918e-11
-18.185; 5.80872e-11
-18.096; 5.80811e-11
-17.985; 5.8076e-11
-17.893; 5.80913e-11
-17.786; 5.80856e-11
-17.683; 5.80978e-11
-17.606; 5.81012e-11
-17.106; 5.81073e-11
-17.076; 5.81074e-11
-16.997; 5.81042e-11
-16.892; 5.81168e-11
-16.805; 5.81149e-11
-16.669; 5.81067e-11
-16.603; 5.81095e-11
-16.502; 5.811e-11
-16.402; 5.81202e-11
-16.29; 5.81091e-11
-16.191; 5.8095e-11
-16.1; 5.80911e-11
-15.987; 5.80922e-11
-15.9; 5.81058e-11
-15.791; 5.81023e-11
-15.701; 5.81156e-11
-15.59; 5.81154e-11
-15.496; 5.81151e-11
-15.39; 5.81157e-11
-15.297; 5.81106e-11
-15.207; 5.81043e-11
-15.084; 5.8135e-11
-14.986; 5.8135e-11
-14.885; 5.81347e-11
-14.786; 5.81472e-11
-14.705; 5.81382e-11
-14.17; 5.81376e-11
-14.139; 5.81291e-11
-14.101; 5.81351e-11
-13.982; 5.81421e-11
-13.904; 5.81469e-11
-13.803; 5.81314e-11
-13.704; 5.81347e-11
-13.601; 5.81453e-11
-13.506; 5.81491e-11
-13.401; 5.81356e-11
-13.301; 5.8124e-11
-13.201; 5.81169e-11
-13.1; 5.81109e-11
-13.004; 5.81203e-11
-12.901; 5.8125e-11
-12.797; 5.81239e-11
-12.703; 5.81233e-11
-12.589; 5.81011e-11
-12.482; 5.81079e-11
-12.39; 5.81038e-11
-12.299; 5.81034e-11
-11.816; 5.81036e-11
-11.785; 5.81037e-11
-11.701; 5.81087e-11
-11.6; 5.81093e-11
-11.503; 5.81095e-11
-11.396; 5.81089e-11
-11.297; 5.81089e-11
-11.209; 5.81092e-11
-11.094; 5.81085e-11
-10.996; 5.81077e-11
-10.903; 5.81077e-11
-10.802; 5.81073e-11
-10.703; 5.81066e-11
-10.606; 5.81068e-11
-10.504; 5.81071e-11
-10.385; 5.81078e-11
-10.309; 5.81081e-11
-10.191; 5.81095e-11
-10.099; 5.81095e-11
-9.991; 5.81084e-11
-9.901; 5.81085e-11
-9.79; 5.81085e-11
-9.701; 5.81083e-11
-9.588; 5.81084e-11
-9.502; 5.81081e-11
-9.386; 5.81079e-11
-8.924; 5.81078e-11
-8.893; 5.81077e-11
-8.793; 5.81089e-11
-8.695; 5.81089e-11
-8.593; 5.81083e-11
-8.494; 5.81084e-11
-8.406; 5.81084e-11
-8.276; 5.81091e-11
-8.206; 5.81095e-11
-8.107; 5.81097e-11
-8.004; 5.81094e-11
-7.901; 5.81099e-11
-7.796; 5.81103e-11
-7.7; 5.81107e-11
-7.604; 5.81109e-11
-7.489; 5.81112e-11
-7.402; 5.81109e-11
-7.305; 5.81117e-11
-7.2; 5.81115e-11
-7.101; 5.81112e-11
-6.611; 5.81107e-11
-6.611; 5.81107e-11
-6.395; 5.81104e-11
-6.299; 5.81099e-11
-6.18; 5.81094e-11
-6.105; 5.81099e-11
-5.988; 5.81103e-11
-5.894; 5.81106e-11
-5.787; 5.81105e-11
-5.708; 5.81105e-11
-5.581; 5.81102e-11
-5.504; 5.81099e-11
-5.403; 5.81093e-11
-5.307; 5.81092e-11
-5.207; 5.81094e-11
-5.107; 5.81091e-11
-5.001; 5.81101e-11
-4.905; 5.81102e-11
-4.805; 5.81098e-11
-4.704; 5.811e-11
-4.605; 5.81101e-11
-4.503; 5.81101e-11
-4.405; 5.81105e-11
-4.303; 5.81097e-11
-3.803; 5.81095e-11
-3.721; 5.81094e-11
-3.69; 5.81092e-11
-3.583; 5.81089e-11
-3.494; 5.81089e-11
-3.39; 5.81087e-11
-3.298; 5.81082e-11
-3.189; 5.81082e-11
-3.097; 5.8108e-11
-2.988; 5.81075e-11
-2.898; 5.81081e-11
-2.805; 5.81077e-11
-2.696; 5.81073e-11
-2.604; 5.81074e-11
-2.505; 5.81075e-11
-2.408; 5.81074e-11
-2.303; 5.81081e-11
-2.205; 5.81079e-11
-2.104; 5.81075e-11
-2.003; 5.81068e-11
-1.907; 5.81079e-11
-1.807; 5.81073e-11
-1.687; 5.81061e-11
-1.603; 5.81054e-11
-1.127; 5.81048e-11
-1.096; 5.81047e-11
-1.096; 5.81047e-11
-0.979; 5.81041e-11
-0.859; 5.81045e-11
-0.802; 5.81046e-11
-0.686; 5.81045e-11
-0.602; 5.81042e-11
-0.508; 5.81042e-11
-0.41; 5.81033e-11
-0.301; 5.81023e-11
-0.209; 5.81018e-11
-0.101; 5.81019e-11
0; 5.81025e-11
