% Module: Plotter Math Tracking, ID: c0p1t5p1cfm0
% Devices: DEV5081
% Time: 2024/02/20 20:27:02
% Cursor Area Average,  /local/math/dev5081/c0p1t5p1cfm0p0/_dev5081_imps_0_sample:Param1/cursorarea.avg
% Time (s), Average (F)
-299.879; 5.82703e-11
-299.776; 5.82729e-11
-299.683; 5.82755e-11
-299.563; 5.82785e-11
-299.481; 5.82804e-11
-299.36; 5.82834e-11
-299.27; 5.82858e-11
-299.172; 5.82882e-11
-299.078; 5.82906e-11
-298.971; 5.82933e-11
-298.877; 5.82957e-11
-298.771; 5.82982e-11
-298.676; 5.83002e-11
-298.57; 5.83031e-11
-298.472; 5.83055e-11
-298.383; 5.83078e-11
-298.267; 5.83108e-11
-298.165; 5.83133e-11
-298.071; 5.83158e-11
-297.971; 5.83185e-11
-297.871; 5.83206e-11
-297.777; 5.83233e-11
-297.296; 5.8326e-11
-297.241; 5.83262e-11
-297.177; 5.83385e-11
-297.069; 5.8341e-11
-296.976; 5.83434e-11
-296.862; 5.83456e-11
-296.775; 5.8348e-11
-296.667; 5.83503e-11
-296.577; 5.8353e-11
-296.467; 5.83554e-11
-296.377; 5.83582e-11
-296.26; 5.83613e-11
-296.171; 5.83636e-11
-296.075; 5.83658e-11
-295.973; 5.83685e-11
-295.877; 5.83708e-11
-295.769; 5.83736e-11
-295.676; 5.8376e-11
-295.583; 5.83784e-11
-295.475; 5.8381e-11
-295.371; 5.83838e-11
-295.272; 5.83855e-11
-295.148; 5.83881e-11
-295.068; 5.83902e-11
-294.984; 5.83927e-11
-294.51; 5.8395e-11
-294.487; 5.83955e-11
-294.466; 5.84e-11
-294.368; 5.8407e-11
-294.275; 5.84089e-11
-294.182; 5.84113e-11
-294.074; 5.84134e-11
-293.982; 5.8416e-11
-293.874; 5.84181e-11
-293.77; 5.84204e-11
-293.685; 5.84227e-11
-293.578; 5.84255e-11
-293.477; 5.84273e-11
-293.38; 5.84302e-11
-293.27; 5.84325e-11
-293.178; 5.84352e-11
-293.068; 5.84368e-11
-292.977; 5.84394e-11
-292.878; 5.84413e-11
-292.776; 5.84447e-11
-292.321; 5.84463e-11
-292.296; 5.84468e-11
-292.274; 5.8452e-11
-292.172; 5.8459e-11
-292.076; 5.8461e-11
-291.983; 5.84633e-11
-291.876; 5.8458e-11
-291.765; 5.84567e-11
-291.675; 5.84555e-11
-291.58; 5.84545e-11
-291.482; 5.8454e-11
-291.369; 5.84536e-11
-291.281; 5.84536e-11
-291.179; 5.84535e-11
-291.054; 5.84535e-11
-290.976; 5.84534e-11
-290.879; 5.8454e-11
-290.762; 5.84554e-11
-290.666; 5.84563e-11
-290.577; 5.84574e-11
-290.479; 5.84582e-11
-290.366; 5.84585e-11
-290.277; 5.84585e-11
-290.184; 5.84585e-11
-290.065; 5.84583e-11
-289.601; 5.84584e-11
-289.578; 5.84583e-11
-289.467; 5.84577e-11
-289.37; 5.84577e-11
-289.285; 5.84577e-11
-289.171; 5.84578e-11
-289.077; 5.84571e-11
-288.969; 5.84572e-11
-288.868; 5.84571e-11
-288.782; 5.84573e-11
-288.667; 5.84572e-11
-288.58; 5.84568e-11
-288.47; 5.84566e-11
-288.377; 5.84563e-11
-288.264; 5.84558e-11
-288.176; 5.84555e-11
-288.069; 5.84551e-11
-287.973; 5.84551e-11
-287.873; 5.84546e-11
-287.775; 5.84544e-11
-287.681; 5.84539e-11
-287.576; 5.84538e-11
-287.479; 5.84539e-11
-287.374; 5.84538e-11
-287.28; 5.84534e-11
-286.831; 5.84531e-11
-286.774; 5.84531e-11
-286.753; 5.84527e-11
-286.674; 5.84523e-11
-286.584; 5.84522e-11
-286.473; 5.84521e-11
-286.378; 5.84515e-11
-286.274; 5.84513e-11
-286.164; 5.8451e-11
-286.073; 5.84509e-11
-285.982; 5.84509e-11
-285.873; 5.84506e-11
-285.784; 5.84501e-11
-285.679; 5.84496e-11
-285.58; 5.84489e-11
-285.481; 5.84489e-11
-285.38; 5.84487e-11
-285.282; 5.84485e-11
-285.181; 5.84485e-11
-285.081; 5.84484e-11
-284.602; 5.84483e-11
-284.554; 5.84483e-11
-284.464; 5.84472e-11
-284.362; 5.84472e-11
-284.28; 5.84475e-11
-284.186; 5.84473e-11
-284.073; 5.84473e-11
-283.974; 5.84474e-11
-283.878; 5.84473e-11
-283.771; 5.84472e-11
-283.678; 5.84471e-11
-283.574; 5.84467e-11
-283.477; 5.84466e-11
-283.381; 5.84463e-11
-283.273; 5.84462e-11
-283.184; 5.84462e-11
-283.073; 5.84462e-11
-282.972; 5.8446e-11
-282.874; 5.8446e-11
-282.781; 5.84456e-11
-282.669; 5.84456e-11
-282.564; 5.84455e-11
-282.467; 5.84456e-11
-282.381; 5.84453e-11
-282.267; 5.8445e-11
-281.82; 5.84446e-11
-281.797; 5.84445e-11
-281.777; 5.84442e-11
-281.678; 5.84436e-11
-281.579; 5.84437e-11
-281.473; 5.84432e-11
-281.377; 5.84435e-11
-281.281; 5.84434e-11
-281.177; 5.84435e-11
-281.079; 5.84436e-11
-280.975; 5.84433e-11
-280.879; 5.8443e-11
-280.776; 5.84427e-11
-280.672; 5.84424e-11
-280.576; 5.84423e-11
-280.461; 5.84421e-11
-280.381; 5.84424e-11
-280.271; 5.8442e-11
-280.181; 5.84418e-11
-280.072; 5.84418e-11
-279.983; 5.84418e-11
-279.874; 5.84417e-11
-279.78; 5.84411e-11
-279.67; 5.84407e-11
-279.215; 5.84405e-11
-279.193; 5.84405e-11
-279.171; 5.84402e-11
-279.081; 5.84393e-11
-278.975; 5.84392e-11
-278.881; 5.84389e-11
-278.775; 5.84384e-11
-278.683; 5.84382e-11
-278.575; 5.84384e-11
-278.481; 5.84382e-11
-278.358; 5.84384e-11
-278.279; 5.84383e-11
-278.182; 5.84382e-11
-278.074; 5.84382e-11
-277.973; 5.84379e-11
-277.878; 5.84382e-11
-277.784; 5.84381e-11
-277.676; 5.8438e-11
-277.574; 5.84377e-11
-277.47; 5.84376e-11
-277.383; 5.84374e-11
-276.91; 5.84371e-11
-276.887; 5.84372e-11
-276.868; 5.84369e-11
-276.78; 5.84369e-11
-276.675; 5.8437e-11
-276.582; 5.84364e-11
-276.472; 5.84361e-11
-276.381; 5.84357e-11
-276.261; 5.84357e-11
-276.181; 5.84357e-11
-276.071; 5.84356e-11
-275.975; 5.84352e-11
-275.883; 5.84349e-11
-275.776; 5.84351e-11
-275.674; 5.84347e-11
-275.574; 5.84349e-11
-275.48; 5.84348e-11
-275.373; 5.84348e-11
-275.276; 5.84349e-11
-275.183; 5.84345e-11
-275.077; 5.84345e-11
-274.973; 5.84341e-11
-274.876; 5.84344e-11
-274.785; 5.84342e-11
-274.677; 5.84343e-11
-274.585; 5.84341e-11
-274.12; 5.84338e-11
-274.052; 5.84338e-11
-274.03; 5.84338e-11
-273.967; 5.8433e-11
-273.87; 5.84329e-11
-273.784; 5.84326e-11
-273.668; 5.84323e-11
-273.578; 5.84323e-11
-273.471; 5.84321e-11
-273.38; 5.8432e-11
-273.266; 5.84318e-11
-273.178; 5.84315e-11
-273.07; 5.84311e-11
-272.976; 5.8431e-11
-272.864; 5.84307e-11
-272.779; 5.84307e-11
-272.667; 5.84304e-11
-272.577; 5.84298e-11
-272.476; 5.84296e-11
-272.384; 5.84295e-11
-272.279; 5.84294e-11
-272.174; 5.84289e-11
-272.052; 5.8429e-11
-271.984; 5.84289e-11
-271.875; 5.84287e-11
-271.408; 5.84287e-11
-271.381; 5.84287e-11
-271.361; 5.84286e-11
-271.285; 5.84281e-11
-271.178; 5.84277e-11
-271.07; 5.84273e-11
-270.986; 5.84274e-11
-270.869; 5.84277e-11
-270.786; 5.84274e-11
-270.681; 5.84273e-11
-270.567; 5.84275e-11
-270.481; 5.84272e-11
-270.384; 5.84269e-11
-270.272; 5.84268e-11
-270.18; 5.84268e-11
-270.081; 5.84267e-11
-269.971; 5.84264e-11
-269.877; 5.84262e-11
-269.769; 5.84261e-11
-269.676; 5.8426e-11
-269.588; 5.8426e-11
-269.464; 5.84258e-11
-269.381; 5.84257e-11
-269.277; 5.84259e-11
-269.187; 5.84258e-11
-268.708; 5.84256e-11
-268.645; 5.84256e-11
-268.626; 5.84253e-11
-268.56; 5.84202e-11
-268.47; 5.84172e-11
-268.384; 5.84138e-11
-268.283; 5.84118e-11
-268.283; 5.84118e-11
-267.562; 5.84054e-11
-267.48; 5.83991e-11
-267.368; 5.84141e-11
-267.283; 5.84172e-11
-267.18; 5.84112e-11
-267.064; 5.84043e-11
-266.981; 5.83914e-11
-266.881; 5.83938e-11
-266.428; 5.83725e-11
-266.405; 5.83694e-11
-266.386; 5.83787e-11
-266.272; 5.83819e-11
-266.17; 5.83828e-11
-266.088; 5.84048e-11
-265.961; 5.84072e-11
-265.876; 5.83991e-11
-265.783; 5.841e-11
-265.674; 5.84053e-11
-265.583; 5.84012e-11
-265.469; 5.83848e-11
-265.378; 5.83864e-11
-265.273; 5.83754e-11
-265.179; 5.8361e-11
-265.072; 5.83348e-11
-264.963; 5.83237e-11
-264.868; 5.82999e-11
-264.782; 5.83198e-11
-264.668; 5.83266e-11
-264.579; 5.83054e-11
-264.467; 5.82995e-11
-264.374; 5.82983e-11
-264.267; 5.82955e-11
-264.178; 5.82881e-11
-264.069; 5.82806e-11
-263.971; 5.82643e-11
-263.495; 5.82814e-11
-263.474; 5.82877e-11
-263.373; 5.82862e-11
-263.278; 5.82811e-11
-263.168; 5.82818e-11
-263.076; 5.82744e-11
-262.984; 5.82599e-11
-262.876; 5.82614e-11
-262.784; 5.8259e-11
-262.675; 5.82628e-11
-262.582; 5.82512e-11
-262.475; 5.8262e-11
-262.369; 5.82716e-11
-262.275; 5.82667e-11
-262.183; 5.82685e-11
-262.074; 5.82755e-11
-261.983; 5.82776e-11
-261.853; 5.82732e-11
-261.78; 5.82758e-11
-261.665; 5.82783e-11
-261.566; 5.82779e-11
-261.47; 5.82736e-11
-261.364; 5.82764e-11
-261.27; 5.82659e-11
-260.813; 5.82531e-11
-260.791; 5.82514e-11
-260.768; 5.8244e-11
-260.677; 5.82378e-11
-260.575; 5.82425e-11
-260.473; 5.82448e-11
-260.374; 5.82366e-11
-260.288; 5.82462e-11
-260.161; 5.82519e-11
-260.082; 5.82418e-11
-259.988; 5.82434e-11
-259.859; 5.8236e-11
-259.785; 5.82281e-11
-259.664; 5.8234e-11
-259.567; 5.823e-11
-259.471; 5.8207e-11
-259.369; 5.81946e-11
-259.271; 5.81939e-11
-259.179; 5.81992e-11
-259.073; 5.82021e-11
-258.97; 5.81924e-11
-258.872; 5.82073e-11
-258.782; 5.82007e-11
-258.672; 5.82064e-11
-258.215; 5.82077e-11
-258.193; 5.82104e-11
-258.173; 5.82231e-11
-258.071; 5.82085e-11
-257.981; 5.82292e-11
-257.857; 5.8219e-11
-257.772; 5.82314e-11
-257.669; 5.82265e-11
-257.575; 5.8229e-11
-257.477; 5.8225e-11
-257.37; 5.82166e-11
-257.279; 5.82064e-11
-257.185; 5.81858e-11
-257.073; 5.81776e-11
-256.981; 5.82028e-11
-256.875; 5.81746e-11
-256.773; 5.82014e-11
-256.674; 5.81856e-11
-256.561; 5.81995e-11
-256.472; 5.81928e-11
-256.37; 5.81958e-11
-256.274; 5.8193e-11
-256.182; 5.81858e-11
-256.074; 5.81567e-11
-255.977; 5.81505e-11
-255.522; 5.81598e-11
-255.471; 5.81589e-11
-255.451; 5.81529e-11
-255.375; 5.81362e-11
-255.268; 5.81465e-11
-255.179; 5.8143e-11
-255.068; 5.81786e-11
-254.972; 5.81825e-11
-254.876; 5.8196e-11
-254.772; 5.81807e-11
-254.677; 5.81675e-11
-254.574; 5.81925e-11
-254.467; 5.81941e-11
-254.368; 5.82048e-11
-254.274; 5.82049e-11
-254.168; 5.82051e-11
-254.076; 5.81929e-11
-253.97; 5.82154e-11
-253.876; 5.82098e-11
-253.785; 5.82052e-11
-253.671; 5.82058e-11
-253.575; 5.81918e-11
-253.454; 5.81888e-11
-253.378; 5.81841e-11
-253.271; 5.81816e-11
-252.813; 5.82046e-11
-252.79; 5.82082e-11
-252.77; 5.82343e-11
-252.684; 5.82249e-11
-252.564; 5.82333e-11
-252.48; 5.82298e-11
-252.38; 5.82107e-11
-252.28; 5.82123e-11
-252.182; 5.82226e-11
-252.071; 5.82138e-11
-251.978; 5.81969e-11
-251.881; 5.8191e-11
-251.778; 5.81875e-11
-251.682; 5.81907e-11
-251.564; 5.81766e-11
-251.49; 5.81842e-11
-251.358; 5.81729e-11
-251.275; 5.81665e-11
-251.168; 5.81643e-11
-251.077; 5.81659e-11
-250.97; 5.81557e-11
-250.877; 5.81477e-11
-250.773; 5.81366e-11
-250.677; 5.81511e-11
-250.587; 5.81341e-11
-250.119; 5.81325e-11
-250.093; 5.81288e-11
-250.068; 5.81147e-11
-249.97; 5.81123e-11
-249.88; 5.81143e-11
-249.78; 5.81233e-11
-249.67; 5.81137e-11
-249.58; 5.81102e-11
-249.472; 5.8127e-11
-249.359; 5.81371e-11
-249.288; 5.81361e-11
-249.179; 5.81221e-11
-249.068; 5.81136e-11
-248.976; 5.81391e-11
-248.862; 5.81168e-11
-248.776; 5.81097e-11
-248.655; 5.81107e-11
-248.576; 5.81169e-11
-248.479; 5.81071e-11
-248.374; 5.81102e-11
-248.274; 5.81108e-11
-248.182; 5.81139e-11
-248.072; 5.81332e-11
-247.982; 5.81086e-11
-247.872; 5.81235e-11
-247.396; 5.81207e-11
-247.343; 5.81236e-11
-247.27; 5.81311e-11
-247.182; 5.815e-11
-247.073; 5.81831e-11
-246.982; 5.81769e-11
-246.872; 5.81912e-11
-246.766; 5.81825e-11
-246.666; 5.81808e-11
-246.561; 5.81732e-11
-246.47; 5.81625e-11
-246.382; 5.81649e-11
-246.27; 5.81679e-11
-246.176; 5.81646e-11
-246.078; 5.8176e-11
-245.964; 5.81891e-11
-245.879; 5.81848e-11
-245.776; 5.81741e-11
-245.675; 5.81807e-11
-245.576; 5.81981e-11
-245.464; 5.8216e-11
-245.371; 5.82154e-11
-245.253; 5.82208e-11
-245.17; 5.82316e-11
-244.714; 5.82209e-11
-244.692; 5.82215e-11
-244.673; 5.82288e-11
-244.573; 5.82424e-11
-244.481; 5.82366e-11
-244.373; 5.82221e-11
-244.274; 5.82291e-11
-244.182; 5.82383e-11
-244.075; 5.8251e-11
-243.973; 5.8246e-11
-243.883; 5.82237e-11
-243.773; 5.82118e-11
-243.68; 5.82069e-11
-243.579; 5.82049e-11
-243.471; 5.82324e-11
-243.379; 5.82592e-11
-243.279; 5.82452e-11
-243.148; 5.82187e-11
-243.07; 5.8216e-11
-242.975; 5.82136e-11
-242.879; 5.82183e-11
-242.786; 5.82343e-11
-242.676; 5.82244e-11
-242.574; 5.82372e-11
-242.479; 5.82338e-11
-242.011; 5.82491e-11
-241.989; 5.82447e-11
-241.969; 5.82292e-11
-241.885; 5.82682e-11
-241.768; 5.82629e-11
-241.677; 5.8259e-11
-241.57; 5.82564e-11
-241.475; 5.82545e-11
-241.384; 5.8273e-11
-241.273; 5.82805e-11
-241.183; 5.82922e-11
-241.063; 5.82973e-11
-240.969; 5.83214e-11
-240.872; 5.83209e-11
-240.78; 5.83223e-11
-240.669; 5.83291e-11
-240.577; 5.83398e-11
-240.47; 5.83505e-11
-240.377; 5.83335e-11
-240.27; 5.8342e-11
-240.175; 5.83164e-11
-239.696; 5.83118e-11
-239.676; 5.83143e-11
-239.576; 5.8327e-11
-239.471; 5.83136e-11
-239.376; 5.8317e-11
-239.285; 5.8315e-11
-239.173; 5.83292e-11
-239.064; 5.83306e-11
-238.97; 5.83055e-11
-238.875; 5.83166e-11
-238.785; 5.83175e-11
-238.659; 5.83195e-11
-238.582; 5.83174e-11
-238.474; 5.83137e-11
-238.38; 5.83096e-11
-238.272; 5.83073e-11
-238.177; 5.82995e-11
-238.072; 5.82888e-11
-237.98; 5.83056e-11
-237.87; 5.82908e-11
-237.778; 5.82846e-11
-237.671; 5.82873e-11
-237.574; 5.82908e-11
-237.468; 5.82814e-11
-237.023; 5.82749e-11
-236.962; 5.82731e-11
-236.943; 5.82803e-11
-236.885; 5.82747e-11
-236.775; 5.8258e-11
-236.678; 5.82628e-11
-236.575; 5.82642e-11
-236.478; 5.82637e-11
-236.386; 5.82725e-11
-236.276; 5.82627e-11
-236.172; 5.8282e-11
-236.073; 5.82895e-11
-235.969; 5.82596e-11
-235.873; 5.82518e-11
-235.77; 5.82526e-11
-235.672; 5.82644e-11
-235.586; 5.82614e-11
-235.471; 5.82585e-11
-235.383; 5.82706e-11
-235.27; 5.82596e-11
-235.18; 5.82645e-11
-235.071; 5.82499e-11
-234.96; 5.8239e-11
-234.871; 5.82568e-11
-234.786; 5.82387e-11
-234.667; 5.82157e-11
-234.197; 5.82149e-11
-234.173; 5.82064e-11
-234.068; 5.82144e-11
-233.981; 5.8234e-11
-233.883; 5.82312e-11
-233.779; 5.82329e-11
-233.681; 5.82447e-11
-233.575; 5.82396e-11
-233.472; 5.82251e-11
-233.376; 5.82246e-11
-233.287; 5.82265e-11
-233.177; 5.82187e-11
-233.082; 5.82153e-11
-232.976; 5.82198e-11
-232.861; 5.82226e-11
-232.784; 5.82343e-11
-232.674; 5.82432e-11
-232.574; 5.82312e-11
-232.471; 5.82251e-11
-232.38; 5.82154e-11
-231.921; 5.81952e-11
-231.896; 5.82013e-11
-231.876; 5.81952e-11
-231.778; 5.81611e-11
-231.68; 5.81637e-11
-231.584; 5.81627e-11
-231.472; 5.81579e-11
-231.381; 5.81488e-11
-231.273; 5.81646e-11
-231.178; 5.81684e-11
-231.081; 5.8157e-11
-230.988; 5.81409e-11
-230.853; 5.81281e-11
-230.777; 5.81214e-11
-230.679; 5.81147e-11
-230.566; 5.81142e-11
-230.477; 5.81046e-11
-230.386; 5.81172e-11
-230.276; 5.81118e-11
-230.179; 5.8125e-11
-230.075; 5.81215e-11
-229.971; 5.81305e-11
-229.876; 5.8131e-11
-229.779; 5.81218e-11
-229.675; 5.8111e-11
-229.579; 5.80967e-11
-229.47; 5.812e-11
-229.034; 5.81099e-11
-229.034; 5.81099e-11
-228.855; 5.81115e-11
-228.78; 5.81242e-11
-228.67; 5.811e-11
-228.579; 5.8095e-11
-228.469; 5.81149e-11
-228.379; 5.81376e-11
-228.269; 5.81316e-11
-228.177; 5.81291e-11
-228.081; 5.81316e-11
-227.973; 5.81165e-11
-227.88; 5.80992e-11
-227.777; 5.80819e-11
-227.68; 5.80764e-11
-227.585; 5.80685e-11
-227.478; 5.80825e-11
-227.376; 5.80889e-11
-227.272; 5.808e-11
-227.167; 5.8077e-11
-227.075; 5.80843e-11
-226.975; 5.80862e-11
-226.877; 5.80893e-11
-226.37; 5.81032e-11
-226.344; 5.81207e-11
-226.272; 5.81233e-11
-226.182; 5.81195e-11
-226.071; 5.81211e-11
-225.981; 5.81298e-11
-225.87; 5.81384e-11
-225.779; 5.81414e-11
-225.666; 5.81212e-11
-225.577; 5.81155e-11
-225.467; 5.8101e-11
-225.379; 5.80837e-11
-225.268; 5.80836e-11
-225.176; 5.80875e-11
-225.069; 5.80994e-11
-224.966; 5.81047e-11
-224.867; 5.81128e-11
-224.773; 5.81013e-11
-224.654; 5.81096e-11
-224.576; 5.81218e-11
-224.107; 5.81171e-11
-224.079; 5.81162e-11
-223.97; 5.81235e-11
-223.877; 5.81219e-11
-223.786; 5.8122e-11
-223.677; 5.81344e-11
-223.569; 5.81437e-11
-223.485; 5.8142e-11
-223.369; 5.81014e-11
-223.279; 5.81043e-11
-223.169; 5.81224e-11
-223.084; 5.81292e-11
-222.982; 5.811e-11
-222.875; 5.81014e-11
-222.783; 5.80805e-11
-222.683; 5.80557e-11
-222.571; 5.80435e-11
-222.47; 5.80544e-11
-222.381; 5.80656e-11
-222.268; 5.80932e-11
-222.18; 5.80832e-11
-222.067; 5.80919e-11
-221.979; 5.80916e-11
-221.876; 5.81011e-11
-221.785; 5.81089e-11
-221.317; 5.81006e-11
-221.293; 5.81019e-11
-221.27; 5.8122e-11
-221.181; 5.81009e-11
-221.084; 5.80998e-11
-220.976; 5.81083e-11
-220.886; 5.81148e-11
-220.775; 5.81121e-11
-220.686; 5.81253e-11
-220.584; 5.81159e-11
-220.455; 5.81116e-11
-220.382; 5.81149e-11
-220.271; 5.81127e-11
-220.182; 5.80975e-11
-220.071; 5.81117e-11
-219.979; 5.81006e-11
-219.871; 5.81011e-11
-219.778; 5.81174e-11
-219.665; 5.81526e-11
-219.578; 5.81735e-11
-219.487; 5.81639e-11
-219.025; 5.8164e-11
-219; 5.81628e-11
-218.976; 5.8161e-11
-218.882; 5.81584e-11
-218.775; 5.81584e-11
-218.682; 5.81595e-11
-218.588; 5.81522e-11
-218.473; 5.81493e-11
-218.351; 5.81211e-11
-218.273; 5.81256e-11
-218.184; 5.81321e-11
-218.074; 5.814e-11
-217.981; 5.8148e-11
-217.874; 5.81494e-11
-217.781; 5.81558e-11
-217.674; 5.81464e-11
-217.577; 5.81538e-11
-217.47; 5.8161e-11
-217.383; 5.81613e-11
-217.271; 5.81711e-11
-217.179; 5.81736e-11
-217.071; 5.8164e-11
-216.977; 5.81991e-11
-216.87; 5.81848e-11
-216.773; 5.81832e-11
-216.669; 5.81806e-11
-216.577; 5.81568e-11
-216.102; 5.8157e-11
-216.036; 5.81573e-11
-215.986; 5.81216e-11
-215.879; 5.81229e-11
-215.787; 5.81136e-11
-215.677; 5.81262e-11
-215.582; 5.8115e-11
-215.478; 5.81246e-11
-215.387; 5.81343e-11
-215.271; 5.81422e-11
-215.182; 5.81482e-11
-215.071; 5.8154e-11
-214.985; 5.81539e-11
-214.875; 5.81345e-11
-214.782; 5.8155e-11
-214.677; 5.8157e-11
-214.582; 5.81463e-11
-214.479; 5.81539e-11
-214.381; 5.8147e-11
-214.273; 5.81688e-11
-214.181; 5.81759e-11
-214.054; 5.81582e-11
-213.981; 5.81648e-11
-213.869; 5.81545e-11
-213.776; 5.81596e-11
-213.312; 5.81349e-11
-213.281; 5.81319e-11
-213.255; 5.81294e-11
-213.178; 5.81161e-11
-213.076; 5.81151e-11
-212.976; 5.81241e-11
-212.883; 5.81401e-11
-212.774; 5.81414e-11
-212.68; 5.81483e-11
-212.576; 5.81574e-11
-212.488; 5.8154e-11
-212.376; 5.81405e-11
-212.287; 5.81211e-11
-212.172; 5.81442e-11
-212.088; 5.81398e-11
-211.949; 5.81215e-11
-211.871; 5.81026e-11
-211.787; 5.81058e-11
-211.676; 5.81011e-11
-211.581; 5.81154e-11
-211.475; 5.81202e-11
-211.021; 5.81195e-11
-210.997; 5.81178e-11
-210.973; 5.81132e-11
-210.882; 5.8111e-11
-210.782; 5.81121e-11
-210.683; 5.8101e-11
-210.584; 5.80893e-11
-210.472; 5.80953e-11
-210.382; 5.80977e-11
-210.28; 5.80967e-11
-210.18; 5.81218e-11
-210.087; 5.812e-11
-209.949; 5.81139e-11
-209.872; 5.81094e-11
-209.784; 5.81072e-11
-209.672; 5.80939e-11
-209.584; 5.80985e-11
-209.475; 5.80843e-11
-209.385; 5.80773e-11
-209.272; 5.80913e-11
-209.187; 5.81029e-11
-209.072; 5.80841e-11
-208.985; 5.80802e-11
-208.867; 5.80724e-11
-208.78; 5.80651e-11
-208.319; 5.80694e-11
-208.292; 5.80664e-11
-208.27; 5.80606e-11
-208.172; 5.80827e-11
-208.084; 5.80861e-11
-207.971; 5.80828e-11
-207.859; 5.80968e-11
-207.787; 5.80901e-11
-207.665; 5.81207e-11
-207.576; 5.81234e-11
-207.469; 5.80971e-11
-207.377; 5.80948e-11
-207.269; 5.81021e-11
-207.18; 5.80933e-11
-207.081; 5.80989e-11
-206.988; 5.80777e-11
-206.88; 5.8078e-11
-206.789; 5.80624e-11
-206.671; 5.80627e-11
-206.577; 5.80658e-11
-206.49; 5.80663e-11
-206.376; 5.80712e-11
-206.275; 5.80767e-11
-206.186; 5.80764e-11
-205.717; 5.80928e-11
-205.717; 5.80928e-11
-205.579; 5.80797e-11
-205.472; 5.80814e-11
-205.378; 5.8064e-11
-205.272; 5.80473e-11
-205.18; 5.80359e-11
-205.071; 5.8038e-11
-204.977; 5.80158e-11
-204.87; 5.80285e-11
-204.779; 5.80193e-11
-204.669; 5.80112e-11
-204.577; 5.80061e-11
-204.469; 5.80093e-11
-204.39; 5.80141e-11
-204.269; 5.80061e-11
-204.168; 5.79941e-11
-204.081; 5.80043e-11
-203.986; 5.80197e-11
-203.878; 5.80183e-11
-203.406; 5.80073e-11
-203.336; 5.80135e-11
-203.277; 5.80662e-11
-203.169; 5.8092e-11
-203.074; 5.80838e-11
-202.972; 5.80859e-11
-202.875; 5.80754e-11
-202.772; 5.8078e-11
-202.676; 5.80959e-11
-202.571; 5.80921e-11
-202.472; 5.80901e-11
-202.381; 5.81064e-11
-202.271; 5.81225e-11
-202.181; 5.81248e-11
-202.072; 5.81203e-11
-201.966; 5.81272e-11
-201.871; 5.8135e-11
-201.768; 5.81374e-11
-201.67; 5.81433e-11
-201.581; 5.81329e-11
-201.473; 5.81412e-11
-201.361; 5.8145e-11
-201.287; 5.81525e-11
-200.807; 5.81459e-11
-200.784; 5.81482e-11
-200.671; 5.81413e-11
-200.575; 5.81484e-11
-200.488; 5.8167e-11
-200.373; 5.81578e-11
-200.28; 5.81636e-11
-200.173; 5.81464e-11
-200.079; 5.81464e-11
-199.987; 5.81711e-11
-199.877; 5.81736e-11
-199.784; 5.81694e-11
-199.687; 5.81618e-11
-199.567; 5.81678e-11
-199.485; 5.81687e-11
-199.347; 5.81685e-11
-199.27; 5.81653e-11
-199.183; 5.81599e-11
-199.069; 5.81776e-11
-198.981; 5.81885e-11
-198.888; 5.8191e-11
-198.775; 5.81924e-11
-198.686; 5.81964e-11
-198.207; 5.81863e-11
-198.181; 5.81882e-11
-198.073; 5.81687e-11
-197.964; 5.81768e-11
-197.881; 5.81629e-11
-197.786; 5.81722e-11
-197.675; 5.81729e-11
-197.578; 5.81757e-11
-197.489; 5.81916e-11
-197.376; 5.81847e-11
-197.262; 5.81689e-11
-197.183; 5.81683e-11
-197.07; 5.81742e-11
-196.984; 5.81706e-11
-196.869; 5.81683e-11
-196.778; 5.81774e-11
-196.675; 5.81871e-11
-196.577; 5.81932e-11
-196.47; 5.82012e-11
-196.389; 5.8201e-11
-196.27; 5.82152e-11
-196.18; 5.8215e-11
-196.071; 5.82119e-11
-195.981; 5.82106e-11
-195.871; 5.82129e-11
-195.403; 5.82127e-11
-195.379; 5.82146e-11
-195.277; 5.82231e-11
-195.168; 5.82215e-11
-195.077; 5.82117e-11
-194.983; 5.82263e-11
-194.877; 5.82334e-11
-194.772; 5.82321e-11
-194.674; 5.82424e-11
-194.573; 5.82592e-11
-194.475; 5.82427e-11
-194.383; 5.82383e-11
-194.272; 5.82347e-11
-194.173; 5.82266e-11
-194.075; 5.82202e-11
-193.969; 5.82091e-11
-193.876; 5.82111e-11
-193.771; 5.82308e-11
-193.675; 5.82295e-11
-193.578; 5.82164e-11
-193.471; 5.82002e-11
-193.378; 5.82063e-11
-193.273; 5.82194e-11
-193.155; 5.81842e-11
-192.704; 5.81972e-11
-192.681; 5.82007e-11
-192.577; 5.81793e-11
-192.471; 5.81924e-11
-192.379; 5.81901e-11
-192.281; 5.8185e-11
-192.169; 5.81576e-11
-192.081; 5.81571e-11
-191.976; 5.81482e-11
-191.879; 5.8168e-11
-191.763; 5.81629e-11
-191.681; 5.81593e-11
-191.587; 5.8154e-11
-191.479; 5.81346e-11
-191.385; 5.81297e-11
-191.27; 5.81418e-11
-191.169; 5.81425e-11
-191.066; 5.81366e-11
-190.972; 5.81276e-11
-190.874; 5.81406e-11
-190.768; 5.81526e-11
-190.303; 5.81455e-11
-190.278; 5.81517e-11
-190.168; 5.81155e-11
-190.083; 5.81264e-11
-189.982; 5.81099e-11
-189.877; 5.81241e-11
-189.777; 5.81365e-11
-189.67; 5.81492e-11
-189.579; 5.81238e-11
-189.477; 5.81487e-11
-189.363; 5.81445e-11
-189.279; 5.8151e-11
-189.178; 5.8145e-11
-189.05; 5.81298e-11
-188.972; 5.81299e-11
-188.876; 5.81083e-11
-188.772; 5.81051e-11
-188.679; 5.81055e-11
-188.584; 5.81058e-11
-188.478; 5.81039e-11
-188.386; 5.81123e-11
-188.274; 5.81088e-11
-188.17; 5.81107e-11
-188.071; 5.81289e-11
-187.971; 5.81128e-11
-187.519; 5.81262e-11
-187.49; 5.81224e-11
-187.469; 5.81047e-11
-187.365; 5.80987e-11
-187.285; 5.81031e-11
-187.169; 5.81034e-11
-187.082; 5.81077e-11
-186.955; 5.81133e-11
-186.864; 5.81287e-11
-186.781; 5.81379e-11
-186.669; 5.81227e-11
-186.579; 5.81084e-11
-186.488; 5.80857e-11
-186.373; 5.8086e-11
-186.267; 5.80894e-11
-186.162; 5.80882e-11
-186.077; 5.80697e-11
-185.983; 5.80677e-11
-185.876; 5.80602e-11
-185.777; 5.80696e-11
-185.673; 5.80803e-11
-185.574; 5.8093e-11
-185.478; 5.80935e-11
-185.384; 5.81027e-11
-184.908; 5.81066e-11
-184.847; 5.81094e-11
-184.783; 5.80909e-11
-184.675; 5.80821e-11
-184.58; 5.80701e-11
-184.472; 5.80732e-11
-184.37; 5.80787e-11
-184.284; 5.80805e-11
-184.165; 5.80842e-11
-184.071; 5.80985e-11
-183.98; 5.81026e-11
-183.867; 5.81152e-11
-183.779; 5.81043e-11
-183.689; 5.81106e-11
-183.578; 5.80889e-11
-183.468; 5.80862e-11
-183.377; 5.80915e-11
-183.264; 5.80857e-11
-183.184; 5.80994e-11
-183.074; 5.81025e-11
-182.971; 5.80893e-11
-182.857; 5.80833e-11
-182.776; 5.80844e-11
-182.678; 5.80885e-11
-182.585; 5.81041e-11
-182.113; 5.80807e-11
-182.089; 5.80656e-11
-182.066; 5.80791e-11
-181.972; 5.80966e-11
-181.877; 5.80916e-11
-181.788; 5.8087e-11
-181.679; 5.80957e-11
-181.582; 5.81134e-11
-181.475; 5.81155e-11
-181.382; 5.811e-11
-181.285; 5.81166e-11
-181.168; 5.81216e-11
-181.084; 5.81324e-11
-180.982; 5.81393e-11
-180.854; 5.81389e-11
-180.775; 5.81457e-11
-180.668; 5.81455e-11
-180.575; 5.81545e-11
-180.469; 5.81786e-11
-180.007; 5.81798e-11
-179.982; 5.81721e-11
-179.879; 5.81656e-11
-179.776; 5.81604e-11
-179.682; 5.81638e-11
-179.589; 5.81738e-11
-179.473; 5.8145e-11
-179.372; 5.81584e-11
-179.285; 5.81504e-11
-179.174; 5.81618e-11
-179.086; 5.81681e-11
-178.973; 5.81721e-11
-178.856; 5.81687e-11
-178.784; 5.81741e-11
-178.675; 5.81772e-11
-178.58; 5.81687e-11
-178.472; 5.82019e-11
-178.38; 5.81821e-11
-178.271; 5.81866e-11
-178.178; 5.81764e-11
-178.072; 5.8176e-11
-177.981; 5.81841e-11
-177.87; 5.81651e-11
-177.776; 5.81671e-11
-177.669; 5.81671e-11
-177.576; 5.81599e-11
-177.116; 5.81768e-11
-177.09; 5.81736e-11
-177.065; 5.81717e-11
-176.97; 5.8156e-11
-176.881; 5.81382e-11
-176.764; 5.81218e-11
-176.677; 5.81129e-11
-176.574; 5.81352e-11
-176.477; 5.81599e-11
-176.381; 5.81401e-11
-176.275; 5.8128e-11
-176.171; 5.8131e-11
-176.07; 5.81384e-11
-175.982; 5.81307e-11
-175.874; 5.8115e-11
-175.773; 5.81133e-11
-175.67; 5.81043e-11
-175.58; 5.81112e-11
-175.474; 5.81152e-11
-175.378; 5.81148e-11
-175.268; 5.81023e-11
-175.179; 5.81085e-11
-175.07; 5.81036e-11
-174.977; 5.80962e-11
-174.51; 5.81061e-11
-174.444; 5.81089e-11
-174.421; 5.81371e-11
-174.358; 5.8098e-11
-174.281; 5.81089e-11
-174.189; 5.81064e-11
-174.078; 5.80936e-11
-173.984; 5.80819e-11
-173.878; 5.80743e-11
-173.773; 5.80616e-11
-173.673; 5.80727e-11
-173.573; 5.8079e-11
-173.478; 5.80853e-11
-173.385; 5.80589e-11
-173.275; 5.80506e-11
-173.182; 5.80504e-11
-173.074; 5.80369e-11
-172.984; 5.8049e-11
-172.874; 5.80578e-11
-172.781; 5.80584e-11
-172.669; 5.80481e-11
-172.579; 5.80351e-11
-172.457; 5.803e-11
-172.381; 5.80294e-11
-172.272; 5.80215e-11
-171.826; 5.80006e-11
-171.801; 5.80023e-11
-171.779; 5.80007e-11
-171.683; 5.79903e-11
-171.578; 5.79828e-11
-171.483; 5.79898e-11
-171.379; 5.80031e-11
-171.284; 5.79982e-11
-171.168; 5.80092e-11
-171.077; 5.80073e-11
-170.974; 5.79964e-11
-170.88; 5.79793e-11
-170.775; 5.79533e-11
-170.678; 5.79631e-11
-170.573; 5.79558e-11
-170.486; 5.7955e-11
-170.353; 5.79667e-11
-170.275; 5.79746e-11
-170.184; 5.79969e-11
-170.075; 5.79932e-11
-169.985; 5.79985e-11
-169.875; 5.80056e-11
-169.779; 5.8e-11
-169.67; 5.79938e-11
-169.578; 5.79829e-11
-169.11; 5.79927e-11
-169.084; 5.79903e-11
-169.061; 5.79839e-11
-168.981; 5.79703e-11
-168.882; 5.7994e-11
-168.764; 5.79968e-11
-168.683; 5.80043e-11
-168.564; 5.80123e-11
-168.481; 5.79966e-11
-168.376; 5.79858e-11
-168.262; 5.79771e-11
-168.175; 5.80001e-11
-168.074; 5.79809e-11
-167.97; 5.79882e-11
-167.878; 5.79809e-11
-167.769; 5.79981e-11
-167.677; 5.80262e-11
-167.585; 5.80247e-11
-167.477; 5.80137e-11
-167.383; 5.80194e-11
-167.273; 5.80188e-11
-166.832; 5.80349e-11
-166.806; 5.80312e-11
-166.784; 5.80476e-11
-166.68; 5.80423e-11
-166.57; 5.80597e-11
-166.483; 5.80662e-11
-166.383; 5.80802e-11
-166.248; 5.80808e-11
-166.181; 5.80714e-11
-166.071; 5.80803e-11
-165.982; 5.80904e-11
-165.869; 5.81177e-11
-165.776; 5.81285e-11
-165.666; 5.81313e-11
-165.577; 5.81134e-11
-165.468; 5.81147e-11
-165.377; 5.81043e-11
-165.278; 5.81172e-11
-165.179; 5.81232e-11
-165.078; 5.81381e-11
-164.989; 5.8152e-11
-164.873; 5.81499e-11
-164.787; 5.81526e-11
-164.659; 5.81497e-11
-164.585; 5.81413e-11
-164.478; 5.81548e-11
-164.387; 5.81567e-11
-163.912; 5.8181e-11
-163.84; 5.81917e-11
-163.815; 5.81994e-11
-163.78; 5.82085e-11
-163.674; 5.82035e-11
-163.583; 5.82188e-11
-163.474; 5.82159e-11
-163.382; 5.82382e-11
-163.289; 5.82479e-11
-163.164; 5.82591e-11
-163.072; 5.82705e-11
-162.975; 5.82691e-11
-162.88; 5.82786e-11
-162.775; 5.82813e-11
-162.682; 5.82776e-11
-162.58; 5.82908e-11
-162.479; 5.8297e-11
-162.378; 5.83014e-11
-162.28; 5.83188e-11
-162.184; 5.83165e-11
-162.072; 5.83062e-11
-161.984; 5.83242e-11
-161.856; 5.83358e-11
-161.784; 5.83407e-11
-161.676; 5.834e-11
-161.587; 5.83523e-11
-161.118; 5.83682e-11
-161.095; 5.83673e-11
-161.072; 5.83809e-11
-160.986; 5.83386e-11
-160.876; 5.83569e-11
-160.787; 5.83672e-11
-160.676; 5.8371e-11
-160.58; 5.83805e-11
-160.481; 5.83756e-11
-160.371; 5.83418e-11
-160.283; 5.83411e-11
-160.171; 5.83264e-11
-160.083; 5.83321e-11
-159.99; 5.8332e-11
-159.873; 5.83339e-11
-159.757; 5.83236e-11
-159.678; 5.83194e-11
-159.578; 5.83187e-11
-159.475; 5.8312e-11
-159.378; 5.83131e-11
-158.918; 5.83185e-11
-158.895; 5.83203e-11
-158.874; 5.83326e-11
-158.775; 5.8324e-11
-158.688; 5.83172e-11
-158.577; 5.83183e-11
-158.486; 5.83273e-11
-158.386; 5.83461e-11
-158.277; 5.83607e-11
-158.186; 5.83353e-11
-158.077; 5.8341e-11
-157.986; 5.83344e-11
-157.884; 5.83223e-11
-157.785; 5.8326e-11
-157.659; 5.82962e-11
-157.579; 5.83013e-11
-157.469; 5.82917e-11
-157.379; 5.82879e-11
-157.27; 5.82932e-11
-157.182; 5.82953e-11
-157.071; 5.82894e-11
-156.978; 5.82694e-11
-156.88; 5.82907e-11
-156.778; 5.82904e-11
-156.682; 5.83052e-11
-156.574; 5.82857e-11
-156.113; 5.82836e-11
-156.089; 5.82765e-11
-156.065; 5.82705e-11
-155.985; 5.82734e-11
-155.881; 5.82779e-11
-155.789; 5.82772e-11
-155.66; 5.82868e-11
-155.585; 5.82936e-11
-155.467; 5.8292e-11
-155.384; 5.82814e-11
-155.275; 5.82738e-11
-155.184; 5.82569e-11
-155.073; 5.82585e-11
-154.984; 5.82532e-11
-154.873; 5.82612e-11
-154.78; 5.82506e-11
-154.673; 5.82491e-11
-154.581; 5.8264e-11
-154.471; 5.82603e-11
-154.381; 5.82703e-11
-154.29; 5.82513e-11
-153.815; 5.82422e-11
-153.789; 5.82422e-11
-153.768; 5.82289e-11
-153.677; 5.82461e-11
-153.566; 5.82311e-11
-153.466; 5.82259e-11
-153.389; 5.82265e-11
-153.267; 5.82293e-11
-153.19; 5.81967e-11
-153.073; 5.81799e-11
-152.976; 5.81739e-11
-152.874; 5.81777e-11
-152.783; 5.81878e-11
-152.676; 5.81875e-11
-152.585; 5.81902e-11
-152.475; 5.81929e-11
-152.383; 5.81979e-11
-152.27; 5.81957e-11
-152.182; 5.8217e-11
-152.089; 5.82331e-11
-151.984; 5.82129e-11
-151.873; 5.81921e-11
-151.781; 5.81801e-11
-151.671; 5.81808e-11
-151.582; 5.81636e-11
-151.068; 5.81581e-11
-151.044; 5.81287e-11
-150.986; 5.81694e-11
-150.879; 5.81828e-11
-150.79; 5.82026e-11
-150.675; 5.82013e-11
-150.59; 5.81943e-11
-150.477; 5.82045e-11
-150.379; 5.82208e-11
-150.277; 5.82253e-11
-150.181; 5.82297e-11
-150.082; 5.82259e-11
-149.986; 5.82132e-11
-149.876; 5.8183e-11
-149.772; 5.81842e-11
-149.676; 5.81706e-11
-149.571; 5.81893e-11
-149.472; 5.81798e-11
-149.354; 5.81847e-11
-149.274; 5.81901e-11
-149.185; 5.81801e-11
-149.074; 5.81794e-11
-148.984; 5.81684e-11
-148.873; 5.81683e-11
-148.418; 5.81935e-11
-148.387; 5.81947e-11
-148.36; 5.81954e-11
-148.273; 5.81766e-11
-148.181; 5.82073e-11
-148.077; 5.82218e-11
-147.969; 5.82165e-11
-147.883; 5.82311e-11
-147.791; 5.82358e-11
-147.68; 5.82448e-11
-147.579; 5.82466e-11
-147.475; 5.82673e-11
-147.388; 5.82697e-11
-147.268; 5.8261e-11
-147.174; 5.82521e-11
-147.077; 5.82445e-11
-146.984; 5.82564e-11
-146.877; 5.82551e-11
-146.774; 5.8255e-11
-146.675; 5.82461e-11
-146.576; 5.82196e-11
-146.475; 5.82197e-11
-146.371; 5.8213e-11
-146.272; 5.82092e-11
-146.184; 5.82018e-11
-145.718; 5.82108e-11
-145.693; 5.82105e-11
-145.671; 5.82055e-11
-145.568; 5.81776e-11
-145.479; 5.81897e-11
-145.384; 5.82054e-11
-145.258; 5.82294e-11
-145.177; 5.82459e-11
-145.071; 5.82286e-11
-144.976; 5.82406e-11
-144.877; 5.82505e-11
-144.773; 5.82471e-11
-144.681; 5.82429e-11
-144.575; 5.82429e-11
-144.48; 5.82408e-11
-144.387; 5.82357e-11
-144.279; 5.82379e-11
-144.184; 5.82353e-11
-144.073; 5.82343e-11
-143.971; 5.82585e-11
-143.878; 5.8264e-11
-143.787; 5.82678e-11
-143.677; 5.82646e-11
-143.585; 5.82726e-11
-143.475; 5.82761e-11
-143.019; 5.82562e-11
-143.019; 5.82562e-11
-142.871; 5.82904e-11
-142.78; 5.82961e-11
-142.672; 5.82919e-11
-142.58; 5.82916e-11
-142.474; 5.82887e-11
-142.365; 5.82874e-11
-142.271; 5.82801e-11
-142.164; 5.82592e-11
-142.071; 5.82556e-11
-141.978; 5.82606e-11
-141.869; 5.82725e-11
-141.777; 5.82789e-11
-141.67; 5.82719e-11
-141.576; 5.82809e-11
-141.468; 5.82706e-11
-141.379; 5.82826e-11
-141.279; 5.82647e-11
-141.173; 5.8264e-11
-141.079; 5.82573e-11
-140.958; 5.82708e-11
-140.877; 5.82652e-11
-140.788; 5.82531e-11
-140.309; 5.82401e-11
-140.309; 5.82401e-11
-140.068; 5.82546e-11
-139.972; 5.82747e-11
-139.885; 5.82676e-11
-139.779; 5.82194e-11
-139.674; 5.81953e-11
-139.585; 5.81664e-11
-139.471; 5.81342e-11
-139.368; 5.80718e-11
-139.28; 5.80296e-11
-139.185; 5.79844e-11
-139.084; 5.79592e-11
-138.988; 5.7931e-11
-138.855; 5.79045e-11
-138.78; 5.78902e-11
-138.68; 5.78754e-11
-138.579; 5.78671e-11
-138.477; 5.78609e-11
-138.378; 5.78593e-11
-137.924; 5.78604e-11
-137.894; 5.78625e-11
-137.873; 5.78489e-11
-137.774; 5.78631e-11
-137.68; 5.78607e-11
-137.588; 5.78739e-11
-137.479; 5.78649e-11
-137.385; 5.78398e-11
-137.276; 5.78509e-11
-137.176; 5.78634e-11
-137.086; 5.78636e-11
-136.974; 5.78566e-11
-136.882; 5.78375e-11
-136.765; 5.78558e-11
-136.672; 5.78458e-11
-136.577; 5.78857e-11
-136.47; 5.7883e-11
-136.379; 5.78857e-11
-136.271; 5.78932e-11
-136.179; 5.79009e-11
-136.07; 5.78995e-11
-135.969; 5.7884e-11
-135.88; 5.78949e-11
-135.777; 5.79156e-11
-135.308; 5.79036e-11
-135.281; 5.79057e-11
-135.171; 5.78642e-11
-135.086; 5.78655e-11
-134.975; 5.78738e-11
-134.879; 5.786e-11
-134.764; 5.78479e-11
-134.677; 5.78386e-11
-134.586; 5.78431e-11
-134.473; 5.78416e-11
-134.38; 5.78345e-11
-134.273; 5.78321e-11
-134.179; 5.78274e-11
-134.071; 5.78175e-11
-133.973; 5.78177e-11
-133.872; 5.78098e-11
-133.769; 5.78078e-11
-133.669; 5.78104e-11
-133.567; 5.77994e-11
-133.481; 5.78169e-11
-133.383; 5.78348e-11
-133.274; 5.78288e-11
-133.183; 5.78144e-11
-133.075; 5.78109e-11
-132.982; 5.7837e-11
-132.527; 5.7847e-11
-132.527; 5.7847e-11
-132.373; 5.78418e-11
-132.277; 5.78466e-11
-132.174; 5.78727e-11
-132.08; 5.78702e-11
-131.964; 5.78856e-11
-131.879; 5.78845e-11
-131.786; 5.78826e-11
-131.674; 5.78892e-11
-131.568; 5.7901e-11
-131.474; 5.79136e-11
-131.368; 5.7902e-11
-131.27; 5.78936e-11
-131.181; 5.79115e-11
-131.072; 5.79128e-11
-130.984; 5.79126e-11
-130.874; 5.78963e-11
-130.769; 5.79076e-11
-130.67; 5.79068e-11
-130.589; 5.79081e-11
-130.45; 5.78929e-11
-130.381; 5.78998e-11
-129.911; 5.79059e-11
-129.885; 5.79066e-11
-129.86; 5.79033e-11
-129.774; 5.79666e-11
-129.678; 5.80299e-11
-129.576; 5.8054e-11
-129.484; 5.80902e-11
-129.376; 5.81309e-11
-129.275; 5.81977e-11
-129.175; 5.82437e-11
-129.073; 5.82797e-11
-128.973; 5.83187e-11
-128.886; 5.83237e-11
-128.774; 5.82741e-11
-128.682; 5.8253e-11
-128.575; 5.82005e-11
-128.48; 5.81427e-11
-128.377; 5.80881e-11
-128.276; 5.80579e-11
-128.183; 5.80097e-11
-128.068; 5.79934e-11
-127.982; 5.7949e-11
-127.873; 5.79259e-11
-127.769; 5.79159e-11
-127.671; 5.79236e-11
-127.568; 5.79021e-11
-127.096; 5.79007e-11
-127.071; 5.78926e-11
-126.963; 5.79396e-11
-126.884; 5.79458e-11
-126.789; 5.79265e-11
-126.68; 5.79388e-11
-126.581; 5.79188e-11
-126.476; 5.79123e-11
-126.358; 5.79024e-11
-126.279; 5.78946e-11
-126.174; 5.7891e-11
-126.076; 5.78731e-11
-125.97; 5.78715e-11
-125.876; 5.78702e-11
-125.776; 5.78634e-11
-125.675; 5.78722e-11
-125.586; 5.78896e-11
-125.476; 5.78966e-11
-125.379; 5.78966e-11
-125.274; 5.78997e-11
-124.805; 5.79029e-11
-124.78; 5.79029e-11
-124.681; 5.79479e-11
-124.58; 5.79319e-11
-124.48; 5.79355e-11
-124.349; 5.79354e-11
-124.271; 5.79386e-11
-124.179; 5.79247e-11
-124.072; 5.79406e-11
-123.976; 5.79412e-11
-123.868; 5.79409e-11
-123.779; 5.7925e-11
-123.678; 5.79327e-11
-123.577; 5.79326e-11
-123.48; 5.79439e-11
-123.374; 5.79467e-11
-123.28; 5.79386e-11
-123.184; 5.79146e-11
-123.076; 5.7906e-11
-122.97; 5.79036e-11
-122.878; 5.78942e-11
-122.784; 5.79052e-11
-122.677; 5.79137e-11
-122.573; 5.79229e-11
-122.473; 5.79279e-11
-121.969; 5.79199e-11
-121.943; 5.78994e-11
-121.871; 5.78985e-11
-121.767; 5.79202e-11
-121.668; 5.7908e-11
-121.583; 5.78938e-11
-121.479; 5.78974e-11
-121.378; 5.78947e-11
-121.283; 5.79127e-11
-121.167; 5.79085e-11
-121.084; 5.79078e-11
-120.977; 5.7909e-11
-120.883; 5.78983e-11
-120.779; 5.78884e-11
-120.677; 5.78854e-11
-120.578; 5.78811e-11
-120.489; 5.78833e-11
-120.379; 5.78655e-11
-120.263; 5.78631e-11
-120.171; 5.78662e-11
-119.717; 5.78659e-11
-119.717; 5.78659e-11
-119.576; 5.7858e-11
-119.485; 5.78566e-11
-119.369; 5.78402e-11
-119.283; 5.78282e-11
-119.172; 5.78078e-11
-119.085; 5.78031e-11
-118.973; 5.78017e-11
-118.877; 5.78204e-11
-118.783; 5.78561e-11
-118.68; 5.7885e-11
-118.581; 5.79306e-11
-118.479; 5.79995e-11
-118.381; 5.80562e-11
-118.264; 5.80767e-11
-118.189; 5.81123e-11
-118.07; 5.81381e-11
-117.977; 5.81742e-11
-117.882; 5.82047e-11
-117.778; 5.81637e-11
-117.675; 5.81202e-11
-117.579; 5.81107e-11
-117.481; 5.81184e-11
-117.387; 5.80669e-11
-116.926; 5.80167e-11
-116.898; 5.80167e-11
-116.873; 5.79299e-11
-116.773; 5.78634e-11
-116.679; 5.7872e-11
-116.588; 5.78829e-11
-116.481; 5.78854e-11
-116.387; 5.78798e-11
-116.253; 5.78889e-11
-116.183; 5.78799e-11
-116.074; 5.78772e-11
-115.979; 5.78907e-11
-115.873; 5.78961e-11
-115.78; 5.79037e-11
-115.671; 5.79097e-11
-115.58; 5.78808e-11
-115.47; 5.78715e-11
-115.384; 5.78858e-11
-115.267; 5.78705e-11
-115.179; 5.78459e-11
-115.07; 5.7844e-11
-114.981; 5.7819e-11
-114.873; 5.78059e-11
-114.777; 5.78079e-11
-114.681; 5.78031e-11
-114.211; 5.78079e-11
-114.162; 5.78111e-11
-114.139; 5.78063e-11
-114.071; 5.78349e-11
-113.974; 5.78329e-11
-113.876; 5.78259e-11
-113.784; 5.78275e-11
-113.674; 5.78159e-11
-113.586; 5.78084e-11
-113.473; 5.77886e-11
-113.382; 5.77681e-11
-113.272; 5.77754e-11
-113.182; 5.77956e-11
-113.072; 5.77962e-11
-112.976; 5.77853e-11
-112.873; 5.77732e-11
-112.783; 5.77623e-11
-112.665; 5.77564e-11
-112.578; 5.77619e-11
-112.469; 5.77677e-11
-112.379; 5.77527e-11
-112.269; 5.77628e-11
-112.162; 5.77861e-11
-112.071; 5.77818e-11
-111.986; 5.77828e-11
-111.521; 5.77915e-11
-111.495; 5.77929e-11
-111.473; 5.77918e-11
-111.375; 5.77932e-11
-111.281; 5.77906e-11
-111.189; 5.77684e-11
-111.073; 5.7754e-11
-110.984; 5.77441e-11
-110.873; 5.77622e-11
-110.786; 5.77706e-11
-110.679; 5.77811e-11
-110.588; 5.77682e-11
-110.478; 5.77729e-11
-110.384; 5.77513e-11
-110.277; 5.77566e-11
-110.183; 5.77541e-11
-110.061; 5.77282e-11
-109.98; 5.77468e-11
-109.873; 5.77261e-11
-109.78; 5.77225e-11
-109.67; 5.77075e-11
-109.573; 5.76962e-11
-109.107; 5.76979e-11
-109.077; 5.77011e-11
-108.987; 5.77256e-11
-108.879; 5.77296e-11
-108.776; 5.77102e-11
-108.681; 5.77292e-11
-108.578; 5.77185e-11
-108.488; 5.77068e-11
-108.377; 5.77106e-11
-108.282; 5.77224e-11
-108.176; 5.77191e-11
-108.087; 5.77218e-11
-107.974; 5.77293e-11
-107.875; 5.7723e-11
-107.787; 5.77625e-11
-107.672; 5.77815e-11
-107.586; 5.78009e-11
-107.475; 5.7825e-11
-107.38; 5.78733e-11
-107.275; 5.79127e-11
-107.182; 5.79385e-11
-107.072; 5.79552e-11
-106.981; 5.79911e-11
-106.874; 5.80088e-11
-106.78; 5.79932e-11
-106.309; 5.79608e-11
-106.286; 5.79542e-11
-106.178; 5.78556e-11
-106.081; 5.78416e-11
-105.949; 5.78065e-11
-105.869; 5.78064e-11
-105.776; 5.77693e-11
-105.689; 5.77588e-11
-105.576; 5.77709e-11
-105.479; 5.77452e-11
-105.376; 5.7747e-11
-105.278; 5.77621e-11
-105.185; 5.77727e-11
-105.077; 5.77664e-11
-104.988; 5.77877e-11
-104.875; 5.7791e-11
-104.783; 5.77928e-11
-104.672; 5.77741e-11
-104.582; 5.77711e-11
-104.473; 5.77752e-11
-104.382; 5.7774e-11
-104.274; 5.77615e-11
-104.184; 5.77548e-11
-104.07; 5.77461e-11
-103.98; 5.77347e-11
-103.465; 5.77479e-11
-103.441; 5.77659e-11
-103.375; 5.77765e-11
-103.266; 5.77905e-11
-103.174; 5.77751e-11
-103.07; 5.77803e-11
-102.988; 5.77872e-11
-102.878; 5.77919e-11
-102.776; 5.78019e-11
-102.679; 5.77881e-11
-102.588; 5.77843e-11
-102.476; 5.77521e-11
-102.387; 5.77568e-11
-102.279; 5.7755e-11
-102.187; 5.77386e-11
-102.075; 5.77401e-11
-101.986; 5.77418e-11
-101.859; 5.77372e-11
-101.789; 5.77104e-11
-101.671; 5.77089e-11
-101.582; 5.77019e-11
-101.102; 5.76901e-11
-101.078; 5.76947e-11
-100.979; 5.77129e-11
-100.883; 5.7699e-11
-100.789; 5.76991e-11
-100.681; 5.76902e-11
-100.581; 5.77043e-11
-100.48; 5.77064e-11
-100.382; 5.77256e-11
-100.283; 5.77202e-11
-100.178; 5.77094e-11
-100.079; 5.77247e-11
-99.988; 5.77078e-11
-99.882; 5.7716e-11
-99.765; 5.77329e-11
-99.679; 5.77365e-11
-99.585; 5.77395e-11
-99.469; 5.7738e-11
-99.386; 5.77418e-11
-99.279; 5.7733e-11
-98.812; 5.77366e-11
-98.786; 5.77379e-11
-98.765; 5.7736e-11
-98.684; 5.77432e-11
-98.575; 5.77569e-11
-98.485; 5.77604e-11
-98.372; 5.7737e-11
-98.283; 5.77248e-11
-98.185; 5.77287e-11
-98.075; 5.77421e-11
-97.985; 5.77278e-11
-97.875; 5.77523e-11
-97.765; 5.77386e-11
-97.688; 5.77426e-11
-97.579; 5.77192e-11
-97.469; 5.77086e-11
-97.387; 5.77207e-11
-97.269; 5.77148e-11
-97.176; 5.77242e-11
-97.091; 5.77362e-11
-96.988; 5.77392e-11
-96.871; 5.77498e-11
-96.788; 5.7759e-11
-96.661; 5.77993e-11
-96.59; 5.78173e-11
-96.48; 5.78298e-11
-96.389; 5.78506e-11
-95.904; 5.78888e-11
-95.869; 5.78881e-11
-95.784; 5.80006e-11
-95.658; 5.80003e-11
-95.586; 5.79946e-11
-95.477; 5.80235e-11
-95.387; 5.80313e-11
-95.273; 5.80232e-11
-95.181; 5.80423e-11
-95.074; 5.80545e-11
-94.983; 5.80401e-11
-94.873; 5.80355e-11
-94.78; 5.80438e-11
-94.673; 5.80571e-11
-94.581; 5.80733e-11
-94.471; 5.80605e-11
-94.38; 5.80698e-11
-94.27; 5.80512e-11
-94.169; 5.80474e-11
-94.068; 5.8027e-11
-93.606; 5.80351e-11
-93.549; 5.80381e-11
-93.477; 5.80196e-11
-93.389; 5.80411e-11
-93.277; 5.80311e-11
-93.175; 5.80318e-11
-93.076; 5.80329e-11
-92.976; 5.8034e-11
-92.876; 5.80272e-11
-92.788; 5.8037e-11
-92.677; 5.80489e-11
-92.583; 5.80465e-11
-92.473; 5.80702e-11
-92.371; 5.80715e-11
-92.272; 5.80712e-11
-92.172; 5.80792e-11
-92.075; 5.80797e-11
-91.982; 5.80683e-11
-91.872; 5.8051e-11
-91.78; 5.80581e-11
-91.671; 5.8069e-11
-91.565; 5.80811e-11
-91.488; 5.80988e-11
-91.375; 5.81023e-11
-90.919; 5.81098e-11
-90.892; 5.81126e-11
-90.869; 5.81292e-11
-90.78; 5.8155e-11
-90.684; 5.81568e-11
-90.579; 5.81698e-11
-90.484; 5.81652e-11
-90.389; 5.81592e-11
-90.277; 5.81556e-11
-90.184; 5.8165e-11
-90.078; 5.81851e-11
-89.978; 5.8197e-11
-89.871; 5.81958e-11
-89.775; 5.81905e-11
-89.686; 5.81981e-11
-89.564; 5.82058e-11
-89.474; 5.82227e-11
-89.384; 5.82392e-11
-89.272; 5.82424e-11
-89.184; 5.8229e-11
-89.075; 5.82309e-11
-88.968; 5.82182e-11
-88.874; 5.82071e-11
-88.771; 5.82062e-11
-88.311; 5.82219e-11
-88.285; 5.82137e-11
-88.176; 5.82822e-11
-88.082; 5.82681e-11
-87.988; 5.8284e-11
-87.878; 5.82695e-11
-87.777; 5.82568e-11
-87.675; 5.82701e-11
-87.578; 5.82741e-11
-87.466; 5.82835e-11
-87.376; 5.82898e-11
-87.273; 5.82948e-11
-87.173; 5.82895e-11
-87.076; 5.82862e-11
-86.98; 5.82974e-11
-86.875; 5.83003e-11
-86.783; 5.83148e-11
-86.674; 5.83233e-11
-86.583; 5.83399e-11
-86.472; 5.83309e-11
-86.382; 5.83276e-11
-86.273; 5.83195e-11
-86.179; 5.83335e-11
-86.072; 5.83392e-11
-85.593; 5.83589e-11
-85.563; 5.83598e-11
-85.478; 5.8344e-11
-85.359; 5.83395e-11
-85.27; 5.83409e-11
-85.179; 5.83294e-11
-85.071; 5.83145e-11
-84.989; 5.83248e-11
-84.879; 5.83309e-11
-84.773; 5.83324e-11
-84.676; 5.83411e-11
-84.576; 5.83361e-11
-84.479; 5.83393e-11
-84.37; 5.83394e-11
-84.275; 5.83592e-11
-84.188; 5.83721e-11
-84.081; 5.83857e-11
-83.986; 5.83891e-11
-83.873; 5.8383e-11
-83.771; 5.84032e-11
-83.688; 5.83986e-11
-83.57; 5.83943e-11
-83.476; 5.83783e-11
-83.349; 5.83689e-11
-82.907; 5.83823e-11
-82.907; 5.83823e-11
-82.681; 5.84275e-11
-82.578; 5.84359e-11
-82.48; 5.84197e-11
-82.379; 5.84271e-11
-82.282; 5.843e-11
-82.167; 5.84226e-11
-82.082; 5.84249e-11
-81.977; 5.84217e-11
-81.875; 5.84369e-11
-81.778; 5.84437e-11
-81.673; 5.84449e-11
-81.576; 5.84229e-11
-81.484; 5.84389e-11
-81.377; 5.84378e-11
-81.254; 5.84383e-11
-81.186; 5.84393e-11
-81.079; 5.84351e-11
-80.973; 5.84079e-11
-80.873; 5.83989e-11
-80.775; 5.83993e-11
-80.673; 5.84053e-11
-80.213; 5.83836e-11
-80.184; 5.83864e-11
-80.161; 5.83901e-11
-80.085; 5.8393e-11
-79.971; 5.83768e-11
-79.885; 5.83911e-11
-79.767; 5.83941e-11
-79.679; 5.83794e-11
-79.583; 5.83495e-11
-79.476; 5.83208e-11
-79.383; 5.83318e-11
-79.284; 5.83379e-11
-79.159; 5.8343e-11
-79.066; 5.83462e-11
-78.974; 5.83573e-11
-78.875; 5.83698e-11
-78.789; 5.83797e-11
-78.676; 5.83648e-11
-78.583; 5.83839e-11
-78.481; 5.8377e-11
-78.374; 5.83662e-11
-78.277; 5.83601e-11
-78.186; 5.8356e-11
-78.076; 5.83636e-11
-77.986; 5.83346e-11
-77.511; 5.83433e-11
-77.485; 5.83399e-11
-77.378; 5.83422e-11
-77.276; 5.83473e-11
-77.183; 5.83416e-11
-77.056; 5.8348e-11
-76.98; 5.83475e-11
-76.871; 5.83463e-11
-76.778; 5.83419e-11
-76.67; 5.83382e-11
-76.587; 5.83356e-11
-76.467; 5.83532e-11
-76.377; 5.83407e-11
-76.27; 5.83299e-11
-76.18; 5.83263e-11
-76.079; 5.83241e-11
-75.982; 5.83095e-11
-75.877; 5.82876e-11
-75.772; 5.82927e-11
-75.675; 5.82803e-11
-75.572; 5.82753e-11
-75.476; 5.82709e-11
-75.371; 5.8269e-11
-75.275; 5.82696e-11
-75.17; 5.82713e-11
-74.719; 5.82795e-11
-74.666; 5.82801e-11
-74.644; 5.82771e-11
-74.583; 5.82571e-11
-74.469; 5.82551e-11
-74.38; 5.8257e-11
-74.27; 5.82359e-11
-74.18; 5.82406e-11
-74.072; 5.82403e-11
-73.979; 5.82375e-11
-73.869; 5.82332e-11
-73.777; 5.82111e-11
-73.67; 5.82197e-11
-73.577; 5.82116e-11
-73.47; 5.82221e-11
-73.376; 5.82324e-11
-73.271; 5.82363e-11
-73.178; 5.82201e-11
-73.08; 5.82051e-11
-72.986; 5.81877e-11
-72.503; 5.81878e-11
-72.424; 5.81873e-11
-72.368; 5.8179e-11
-72.277; 5.81509e-11
-72.183; 5.81566e-11
-72.079; 5.81575e-11
-71.986; 5.81536e-11
-71.875; 5.81504e-11
-71.787; 5.81554e-11
-71.675; 5.81604e-11
-71.579; 5.81437e-11
-71.474; 5.81247e-11
-71.382; 5.81152e-11
-71.27; 5.81114e-11
-71.181; 5.81065e-11
-71.075; 5.80902e-11
-70.982; 5.81248e-11
-70.871; 5.81265e-11
-70.776; 5.81309e-11
-70.67; 5.81376e-11
-70.576; 5.81283e-11
-70.472; 5.8117e-11
-70.358; 5.81308e-11
-70.27; 5.81219e-11
-70.181; 5.81108e-11
-69.693; 5.80952e-11
-69.67; 5.80972e-11
-69.587; 5.81523e-11
-69.481; 5.81629e-11
-69.378; 5.81632e-11
-69.275; 5.8153e-11
-69.175; 5.81669e-11
-69.089; 5.81622e-11
-68.973; 5.81546e-11
-68.879; 5.81601e-11
-68.788; 5.81737e-11
-68.679; 5.81858e-11
-68.588; 5.8154e-11
-68.477; 5.81644e-11
-68.387; 5.81486e-11
-68.248; 5.81561e-11
-68.181; 5.81476e-11
-68.072; 5.81276e-11
-67.982; 5.81479e-11
-67.869; 5.81415e-11
-67.789; 5.81397e-11
-67.672; 5.81217e-11
-67.582; 5.81447e-11
-67.471; 5.81424e-11
-67.38; 5.81599e-11
-66.93; 5.81481e-11
-66.904; 5.81481e-11
-66.882; 5.81538e-11
-66.777; 5.81245e-11
-66.69; 5.81108e-11
-66.579; 5.80964e-11
-66.488; 5.80814e-11
-66.379; 5.80908e-11
-66.279; 5.80841e-11
-66.167; 5.80944e-11
-66.076; 5.80814e-11
-65.985; 5.80942e-11
-65.876; 5.8098e-11
-65.784; 5.80755e-11
-65.672; 5.8068e-11
-65.582; 5.80936e-11
-65.473; 5.81099e-11
-65.384; 5.8097e-11
-65.273; 5.80798e-11
-65.183; 5.80902e-11
-64.716; 5.80704e-11
-64.684; 5.80787e-11
-64.66; 5.80758e-11
-64.577; 5.80782e-11
-64.481; 5.80703e-11
-64.369; 5.80855e-11
-64.283; 5.8083e-11
-64.161; 5.80884e-11
-64.068; 5.80816e-11
-63.976; 5.80979e-11
-63.879; 5.81054e-11
-63.775; 5.81112e-11
-63.679; 5.80961e-11
-63.587; 5.81023e-11
-63.477; 5.81014e-11
-63.382; 5.812e-11
-63.274; 5.81e-11
-63.182; 5.8093e-11
-63.077; 5.8096e-11
-62.984; 5.81074e-11
-62.877; 5.8098e-11
-62.78; 5.81032e-11
-62.677; 5.81152e-11
-62.572; 5.81204e-11
-62.474; 5.81141e-11
-62.38; 5.81199e-11
-61.903; 5.81244e-11
-61.846; 5.8127e-11
-61.776; 5.81203e-11
-61.67; 5.81206e-11
-61.568; 5.81491e-11
-61.472; 5.81574e-11
-61.38; 5.81503e-11
-61.27; 5.81521e-11
-61.181; 5.81628e-11
-61.081; 5.81687e-11
-60.978; 5.8173e-11
-60.875; 5.81671e-11
-60.772; 5.8163e-11
-60.68; 5.81709e-11
-60.587; 5.81761e-11
-60.478; 5.81871e-11
-60.373; 5.81793e-11
-60.276; 5.81777e-11
-60.182; 5.81923e-11
-60.077; 5.82136e-11
-59.633; 5.82188e-11
-59.583; 5.82168e-11
-59.561; 5.82107e-11
-59.474; 5.81984e-11
-59.381; 5.81925e-11
-59.273; 5.81839e-11
-59.181; 5.81844e-11
-59.074; 5.82033e-11
-58.98; 5.82234e-11
-58.873; 5.81933e-11
-58.779; 5.81859e-11
-58.671; 5.81867e-11
-58.58; 5.81949e-11
-58.471; 5.81997e-11
-58.379; 5.82102e-11
-58.289; 5.82056e-11
-58.176; 5.82055e-11
-58.064; 5.8212e-11
-57.985; 5.82172e-11
-57.88; 5.82234e-11
-57.788; 5.8221e-11
-57.679; 5.82323e-11
-57.566; 5.82015e-11
-57.474; 5.82029e-11
-57.383; 5.82052e-11
-56.907; 5.81985e-11
-56.883; 5.81982e-11
-56.772; 5.82193e-11
-56.688; 5.82282e-11
-56.568; 5.82376e-11
-56.484; 5.82438e-11
-56.387; 5.82491e-11
-56.275; 5.82551e-11
-56.184; 5.82608e-11
-56.077; 5.82743e-11
-55.981; 5.8265e-11
-55.885; 5.82701e-11
-55.778; 5.82829e-11
-55.684; 5.82885e-11
-55.559; 5.82757e-11
-55.47; 5.82832e-11
-55.377; 5.82848e-11
-55.271; 5.83128e-11
-55.179; 5.83075e-11
-55.077; 5.83257e-11
-54.976; 5.8322e-11
-54.88; 5.83141e-11
-54.786; 5.8323e-11
-54.321; 5.83305e-11
-54.292; 5.83355e-11
-54.269; 5.83283e-11
-54.183; 5.83489e-11
-54.08; 5.83521e-11
-53.989; 5.83387e-11
-53.877; 5.83381e-11
-53.788; 5.83321e-11
-53.677; 5.83275e-11
-53.584; 5.8328e-11
-53.462; 5.83332e-11
-53.379; 5.83283e-11
-53.273; 5.83262e-11
-53.18; 5.83219e-11
-53.072; 5.83306e-11
-52.981; 5.83366e-11
-52.863; 5.83495e-11
-52.788; 5.83519e-11
-52.67; 5.83511e-11
-52.579; 5.83443e-11
-52.468; 5.83436e-11
-52.385; 5.83335e-11
-52.268; 5.83516e-11
-52.178; 5.83384e-11
-52.071; 5.83462e-11
-51.988; 5.83402e-11
-51.518; 5.83655e-11
-51.49; 5.83583e-11
-51.436; 5.83334e-11
-51.373; 5.83164e-11
-51.276; 5.83086e-11
-51.181; 5.82932e-11
-51.074; 5.82831e-11
-50.98; 5.82472e-11
-50.876; 5.82464e-11
-50.786; 5.82503e-11
-50.676; 5.82493e-11
-50.58; 5.82511e-11
-50.488; 5.82485e-11
-50.369; 5.826e-11
-50.273; 5.82635e-11
-50.18; 5.82604e-11
-50.072; 5.82545e-11
-49.98; 5.82381e-11
-49.872; 5.82339e-11
-49.778; 5.82247e-11
-49.67; 5.82165e-11
-49.225; 5.82248e-11
-49.149; 5.82251e-11
-49.123; 5.82474e-11
-49.074; 5.82305e-11
-48.973; 5.81996e-11
-48.881; 5.82239e-11
-48.788; 5.82283e-11
-48.678; 5.82331e-11
-48.589; 5.82554e-11
-48.483; 5.82654e-11
-48.372; 5.82606e-11
-48.28; 5.82596e-11
-48.184; 5.82528e-11
-48.077; 5.82637e-11
-47.985; 5.82596e-11
-47.877; 5.82673e-11
-47.785; 5.82706e-11
-47.671; 5.82637e-11
-47.58; 5.82804e-11
-47.482; 5.82687e-11
-47.382; 5.82558e-11
-47.271; 5.82626e-11
-47.163; 5.82619e-11
-47.073; 5.82439e-11
-46.983; 5.826e-11
-46.873; 5.82646e-11
-46.779; 5.8247e-11
-46.314; 5.82425e-11
-46.289; 5.82364e-11
-46.267; 5.82495e-11
-46.175; 5.82399e-11
-46.085; 5.82324e-11
-45.99; 5.8231e-11
-45.877; 5.82439e-11
-45.79; 5.82443e-11
-45.691; 5.82537e-11
-45.577; 5.82541e-11
-45.49; 5.82489e-11
-45.371; 5.8235e-11
-45.29; 5.82237e-11
-45.146; 5.82336e-11
-45.075; 5.82374e-11
-44.972; 5.82417e-11
-44.875; 5.82593e-11
-44.781; 5.82587e-11
-44.675; 5.82613e-11
-44.586; 5.82584e-11
-44.473; 5.82619e-11
-44.01; 5.82431e-11
-43.985; 5.82433e-11
-43.882; 5.82363e-11
-43.79; 5.82318e-11
-43.684; 5.82518e-11
-43.581; 5.82528e-11
-43.477; 5.8237e-11
-43.382; 5.82308e-11
-43.283; 5.82184e-11
-43.188; 5.82454e-11
-43.069; 5.82304e-11
-42.988; 5.82112e-11
-42.877; 5.82048e-11
-42.787; 5.81939e-11
-42.679; 5.81939e-11
-42.589; 5.81751e-11
-42.478; 5.81828e-11
-42.383; 5.81877e-11
-42.273; 5.81934e-11
-42.185; 5.81956e-11
-42.075; 5.81838e-11
-41.984; 5.81987e-11
-41.874; 5.81879e-11
-41.783; 5.81784e-11
-41.675; 5.82002e-11
-41.571; 5.81924e-11
-41.104; 5.81806e-11
-41.104; 5.81806e-11
-40.873; 5.82384e-11
-40.791; 5.82261e-11
-40.681; 5.82349e-11
-40.579; 5.82208e-11
-40.483; 5.82251e-11
-40.39; 5.82182e-11
-40.279; 5.82261e-11
-40.189; 5.82318e-11
-40.077; 5.8226e-11
-39.986; 5.82275e-11
-39.879; 5.82242e-11
-39.786; 5.82088e-11
-39.679; 5.82111e-11
-39.587; 5.82083e-11
-39.479; 5.8198e-11
-39.388; 5.81908e-11
-39.275; 5.82154e-11
-39.181; 5.82153e-11
-39.076; 5.82018e-11
-38.967; 5.8207e-11
-38.875; 5.82077e-11
-38.782; 5.82303e-11
-38.313; 5.82103e-11
-38.286; 5.82102e-11
-38.264; 5.81797e-11
-38.17; 5.81938e-11
-38.079; 5.81941e-11
-37.971; 5.81926e-11
-37.877; 5.81718e-11
-37.782; 5.81562e-11
-37.676; 5.81772e-11
-37.581; 5.81672e-11
-37.477; 5.81697e-11
-37.381; 5.818e-11
-37.284; 5.81828e-11
-37.164; 5.81837e-11
-37.081; 5.8196e-11
-36.97; 5.8187e-11
-36.875; 5.81926e-11
-36.771; 5.81707e-11
-36.678; 5.81687e-11
-36.199; 5.81542e-11
-36.173; 5.8163e-11
-36.085; 5.817e-11
-35.984; 5.81713e-11
-35.886; 5.81627e-11
-35.784; 5.8151e-11
-35.684; 5.81691e-11
-35.572; 5.81616e-11
-35.482; 5.81599e-11
-35.38; 5.81648e-11
-35.283; 5.81734e-11
-35.184; 5.81822e-11
-35.082; 5.81717e-11
-34.963; 5.81568e-11
-34.869; 5.81543e-11
-34.779; 5.81576e-11
-34.671; 5.81597e-11
-34.568; 5.81617e-11
-34.464; 5.81614e-11
-34.307; 5.81863e-11
-34.266; 5.81821e-11
-34.188; 5.81762e-11
-34.08; 5.81578e-11
-33.963; 5.81376e-11
-33.861; 5.81598e-11
-33.429; 5.81493e-11
-33.405; 5.81434e-11
-33.375; 5.81519e-11
-33.288; 5.81749e-11
-33.189; 5.81667e-11
-33.088; 5.81806e-11
-32.986; 5.81919e-11
-32.866; 5.81839e-11
-32.784; 5.82051e-11
-32.675; 5.81937e-11
-32.581; 5.81976e-11
-32.474; 5.81983e-11
-32.37; 5.81946e-11
-32.268; 5.81978e-11
-32.179; 5.81996e-11
-32.07; 5.81995e-11
-31.97; 5.8185e-11
-31.881; 5.81641e-11
-31.789; 5.81845e-11
-31.679; 5.81745e-11
-31.588; 5.81599e-11
-31.467; 5.81679e-11
-31.38; 5.81615e-11
-31.287; 5.81566e-11
-30.809; 5.81516e-11
-30.809; 5.81516e-11
-30.572; 5.82137e-11
-30.471; 5.82226e-11
-30.375; 5.82354e-11
-30.274; 5.82342e-11
-30.181; 5.82291e-11
-30.078; 5.82327e-11
-29.973; 5.82342e-11
-29.875; 5.82365e-11
-29.785; 5.82293e-11
-29.674; 5.82302e-11
-29.579; 5.82243e-11
-29.489; 5.82298e-11
-29.381; 5.82362e-11
-29.268; 5.82381e-11
-29.182; 5.82531e-11
-29.072; 5.82527e-11
-28.981; 5.82647e-11
-28.51; 5.82496e-11
-28.454; 5.82481e-11
-28.366; 5.82365e-11
-28.28; 5.82298e-11
-28.189; 5.82154e-11
-28.076; 5.82013e-11
-27.976; 5.82027e-11
-27.877; 5.82156e-11
-27.776; 5.82258e-11
-27.676; 5.82148e-11
-27.576; 5.8237e-11
-27.476; 5.82175e-11
-27.365; 5.82154e-11
-27.271; 5.82055e-11
-27.178; 5.82027e-11
-27.074; 5.8193e-11
-26.973; 5.82087e-11
-26.873; 5.82206e-11
-26.772; 5.82542e-11
-26.676; 5.82468e-11
-26.577; 5.8269e-11
-26.457; 5.8268e-11
-26.382; 5.82538e-11
-26.272; 5.82744e-11
-25.819; 5.82735e-11
-25.794; 5.82687e-11
-25.772; 5.82489e-11
-25.673; 5.82394e-11
-25.578; 5.82503e-11
-25.475; 5.82472e-11
-25.377; 5.82466e-11
-25.285; 5.82356e-11
-25.176; 5.82243e-11
-25.079; 5.82331e-11
-24.988; 5.82281e-11
-24.874; 5.82217e-11
-24.777; 5.82026e-11
-24.689; 5.81927e-11
-24.576; 5.81931e-11
-24.488; 5.82014e-11
-24.347; 5.81989e-11
-24.277; 5.82084e-11
-24.181; 5.82078e-11
-24.077; 5.82167e-11
-23.981; 5.82303e-11
-23.874; 5.82198e-11
-23.785; 5.82116e-11
-23.673; 5.82112e-11
-23.581; 5.8195e-11
-23.099; 5.82035e-11
-23.074; 5.82061e-11
-22.979; 5.81358e-11
-22.877; 5.81431e-11
-22.781; 5.81383e-11
-22.68; 5.8154e-11
-22.578; 5.81479e-11
-22.48; 5.81466e-11
-22.391; 5.81425e-11
-22.26; 5.81353e-11
-22.179; 5.81548e-11
-22.06; 5.81625e-11
-21.987; 5.81503e-11
-21.86; 5.81642e-11
-21.776; 5.81511e-11
-21.677; 5.81613e-11
-21.576; 5.81677e-11
-21.478; 5.81874e-11
-21.389; 5.81793e-11
-21.275; 5.81782e-11
-21.184; 5.81874e-11
-21.075; 5.81829e-11
-20.973; 5.817e-11
-20.876; 5.81629e-11
-20.417; 5.81536e-11
-20.417; 5.81536e-11
-20.249; 5.80828e-11
-20.192; 5.80869e-11
-20.068; 5.80783e-11
-19.982; 5.80909e-11
-19.881; 5.81162e-11
-19.765; 5.81302e-11
-19.681; 5.81329e-11
-19.577; 5.81191e-11
-19.48; 5.81204e-11
-19.39; 5.81078e-11
-19.277; 5.81027e-11
-19.178; 5.80818e-11
-19.075; 5.80622e-11
-18.984; 5.80319e-11
-18.877; 5.80371e-11
-18.774; 5.80604e-11
-18.676; 5.80742e-11
-18.587; 5.80769e-11
-18.478; 5.80873e-11
-18.385; 5.80738e-11
-18.273; 5.80876e-11
-18.15; 5.81045e-11
-17.715; 5.81125e-11
-17.69; 5.81158e-11
-17.666; 5.80941e-11
-17.58; 5.81132e-11
-17.476; 5.81202e-11
-17.383; 5.81248e-11
-17.283; 5.81363e-11
-17.173; 5.81334e-11
-17.082; 5.81479e-11
-16.983; 5.81365e-11
-16.876; 5.81199e-11
-16.777; 5.80987e-11
-16.684; 5.80989e-11
-16.58; 5.80671e-11
-16.483; 5.80692e-11
-16.368; 5.80803e-11
-16.283; 5.80685e-11
-16.157; 5.80687e-11
-16.076; 5.80802e-11
-15.976; 5.80655e-11
-15.879; 5.80709e-11
-15.413; 5.80746e-11
-15.389; 5.80762e-11
-15.364; 5.80809e-11
-15.284; 5.80983e-11
-15.17; 5.80957e-11
-15.075; 5.80939e-11
-14.986; 5.80988e-11
-14.878; 5.81044e-11
-14.786; 5.8111e-11
-14.673; 5.81083e-11
-14.583; 5.81137e-11
-14.484; 5.81062e-11
-14.382; 5.81074e-11
-14.285; 5.80935e-11
-14.184; 5.80904e-11
-14.06; 5.809e-11
-13.98; 5.80898e-11
-13.876; 5.81083e-11
-13.773; 5.81055e-11
-13.683; 5.81e-11
-13.578; 5.8118e-11
-13.48; 5.81186e-11
-13.387; 5.8121e-11
-13.281; 5.8122e-11
-13.176; 5.81436e-11
-13.079; 5.81442e-11
-12.626; 5.81651e-11
-12.601; 5.8163e-11
-12.578; 5.81579e-11
-12.479; 5.81372e-11
-12.383; 5.81545e-11
-12.273; 5.8159e-11
-12.185; 5.81378e-11
-12.085; 5.81555e-11
-11.955; 5.81617e-11
-11.875; 5.81783e-11
-11.785; 5.81737e-11
-11.676; 5.81847e-11
-11.582; 5.82076e-11
-11.475; 5.82093e-11
-11.382; 5.82152e-11
-11.266; 5.82067e-11
-11.181; 5.82014e-11
-11.089; 5.81948e-11
-10.98; 5.82096e-11
-10.873; 5.8207e-11
-10.777; 5.81946e-11
-10.305; 5.8208e-11
-10.282; 5.8212e-11
-10.17; 5.82007e-11
-10.083; 5.82211e-11
-9.976; 5.82044e-11
-9.856; 5.81909e-11
-9.776; 5.82032e-11
-9.678; 5.82036e-11
-9.573; 5.81909e-11
-9.479; 5.81819e-11
-9.388; 5.81892e-11
-9.273; 5.81909e-11
-9.184; 5.82017e-11
-9.073; 5.82318e-11
-8.98; 5.82528e-11
-8.869; 5.82513e-11
-8.782; 5.82497e-11
-8.674; 5.82648e-11
-8.581; 5.82744e-11
-8.473; 5.82594e-11
-8.384; 5.82612e-11
-8.272; 5.82492e-11
-8.179; 5.82522e-11
-8.088; 5.82442e-11
-7.627; 5.82519e-11
-7.576; 5.82551e-11
-7.554; 5.82568e-11
-7.478; 5.82463e-11
-7.379; 5.82448e-11
-7.278; 5.82426e-11
-7.174; 5.82585e-11
-7.075; 5.82603e-11
-6.986; 5.82471e-11
-6.877; 5.82574e-11
-6.774; 5.82585e-11
-6.677; 5.82664e-11
-6.585; 5.82702e-11
-6.474; 5.82825e-11
-6.376; 5.82693e-11
-6.273; 5.82745e-11
-6.185; 5.82898e-11
-6.085; 5.82527e-11
-5.973; 5.82739e-11
-5.884; 5.82748e-11
-5.785; 5.82689e-11
-5.686; 5.82847e-11
-5.563; 5.8277e-11
-5.473; 5.82665e-11
-5.392; 5.82487e-11
-4.888; 5.82571e-11
-4.864; 5.82573e-11
-4.774; 5.82796e-11
-4.69; 5.82881e-11
-4.579; 5.82795e-11
-4.483; 5.82907e-11
-4.379; 5.8286e-11
-4.281; 5.82926e-11
-4.191; 5.82844e-11
-4.079; 5.82691e-11
-3.988; 5.82572e-11
-3.889; 5.82491e-11
-3.776; 5.82658e-11
-3.776; 5.82658e-11
-3.688; 5.82759e-11
-3.589; 5.82707e-11
-3.353; 5.82856e-11
-3.274; 5.82816e-11
-3.186; 5.8284e-11
-3.07; 5.82707e-11
-2.985; 5.82829e-11
-2.876; 5.8275e-11
-2.785; 5.82849e-11
-2.676; 5.82885e-11
-2.582; 5.82901e-11
-2.116; 5.82866e-11
-2.088; 5.82907e-11
-2.064; 5.82676e-11
-1.98; 5.82408e-11
-1.882; 5.82444e-11
-1.775; 5.82288e-11
-1.684; 5.82262e-11
-1.59; 5.82081e-11
-1.484; 5.82033e-11
-1.381; 5.8192e-11
-1.268; 5.821e-11
-1.187; 5.8217e-11
-1.075; 5.82035e-11
-0.984; 5.82075e-11
-0.876; 5.82001e-11
-0.788; 5.8207e-11
-0.679; 5.81908e-11
-0.586; 5.81664e-11
-0.478; 5.82055e-11
0; 5.82101e-11
